Position,Mutability,Shannon_entropy,Gap_percentage,A_percentage,T_percentage,G_percentage,C_percentage
1,0.38240033182840644,0.9656933082741608,38.920440948901614,0.0018612170232226706,0.006913091800541348,0.0005317762923493345,61.07025296598228
2,0.381145339778462,0.9636463917244247,38.6550845790193,0.00026588814617466725,61.33747055288781,0.00026588814617466725,0.006913091800541348
3,0.3802572733702386,0.9620585577121651,38.49688113204537,0.0013294407308733361,61.49966232205436,0.00026588814617466725,0.0018612170232226706
4,0.3708049497737292,0.9384594059200265,35.44448521396019,0.0005317762923493345,64.55259001643189,0.0,0.002392993315572005
5,0.3760588995421406,0.9845895963076934,35.22752048668166,0.0,0.5809655993916479,0.004254210338794676,64.1872597035879
6,0.3698131869884977,0.9365720573903364,35.17833117963935,0.002392993315572005,0.0015953288770480033,64.81608516929099,0.0015953288770480033
7,0.3686353025009439,0.9344460395330659,35.03661279772825,64.96312131412557,0.0,0.00026588814617466725,0.0
8,0.3623656600141453,0.926633051467795,34.190822604746636,0.0,65.80917739525336,0.0,0.0
9,0.36027046142228886,0.9244243948007631,33.94407840509655,0.0,0.0007976644385240016,0.0,66.05512393046493
10,0.3597094374338603,0.9236864612959338,33.87680870411435,0.0,66.12292540773947,0.0,0.00026588814617466725
11,0.356574616190461,0.9210235255796826,33.51998681194795,0.0,0.00584953921584268,0.0,66.47416364883621
12,0.31585650548527244,0.8476913587575159,27.43513658674069,0.0,72.56459752511314,0.0,0.00026588814617466725
13,0.31509872426867463,0.8466066051676827,27.34845705108775,0.0,72.65047939632755,0.0,0.001063552584698669
14,0.3148567660556557,0.845741266853183,27.30033129663013,0.0,0.0,72.69966870336987,0.0
15,0.313646974990561,0.842619089455178,27.042419794840704,0.0,72.95412365925901,0.0,0.003456545900270674
16,0.14796675334620232,0.49805909386138286,10.931991129971443,89.06694531744385,0.0,0.0007976644385240016,0.00026588814617466725
17,0.1444729831054672,0.490869494364208,10.702263771676531,0.0,0.0,89.29773622832346,0.0
18,0.1429069019244984,0.4885749991331513,10.60016272354546,89.39451951353105,0.0,0.005051874777318678,0.00026588814617466725
19,0.1425772006232418,0.4876328793005758,10.58314588219028,0.0,89.41446112449415,0.0007976644385240016,0.0015953288770480033
20,0.14256656509739482,0.48772404730050395,10.57915755999766,0.0,0.003988322192620008,0.0,89.41685411780972
21,0.14235119569899335,0.4873471429973369,10.567724369712149,0.00026588814617466725,89.4285531962414,0.0,0.003456545900270674
22,0.14433206238799462,0.5007904651313497,10.536881344755889,0.01249674287020936,0.12044733021712427,89.33017458215677,0.0
23,0.14146844705369346,0.48525082362130845,10.51481262862339,0.0,89.48438970693809,0.0,0.0007976644385240016
24,0.14014432408574362,0.48409055025490266,10.42467654707018,0.002127105169397338,89.56362437449815,0.00026588814617466725,0.009306085116113354
25,0.14014432408574362,0.48561413219686195,10.406862041276476,0.00292476960792134,0.025525262032768052,0.0,89.56468792708283
26,0.13869523368909167,0.48068391009388417,10.348898425410399,0.0,89.64658147610464,0.00026588814617466725,0.004254210338794676
27,0.14166520428186272,0.49799844333986154,10.345707767656302,0.004520098484969343,0.1656483150668177,0.0,89.4841238187919
28,0.13857026626038957,0.4801169944697603,10.344644215071604,0.0007976644385240016,89.65376045605134,0.0,0.0007976644385240016
29,0.1385941961935453,0.48048511503985747,10.342517109902207,89.65296279161282,0.004254210338794676,0.00026588814617466725,0.0
30,0.13851708863115464,0.47988784991391104,10.341719445463681,89.6574828900978,0.0005317762923493345,0.00026588814617466725,0.0
31,0.13850645310530765,0.47981861814629073,10.341187669171333,89.65828055453632,0.0,0.0005317762923493345,0.0
32,0.13840807449122303,0.47956025360764903,10.329754478885821,0.00026588814617466725,0.0007976644385240016,0.0,89.66918196852947
33,0.13805710213827246,0.47813396567190725,10.282958165159082,0.0013294407308733361,0.0,89.71571239411004,0.0
34,0.101074719886838,0.337621094418346,6.258475184659318,93.74152481534068,0.0,0.0,0.0
35,0.10087264489574525,0.3371026316191978,6.243851336619711,93.75588277523411,0.0,0.00026588814617466725,0.0
36,0.10061207451249408,0.3367432013013576,6.22444150194896,0.00026588814617466725,0.002392993315572005,0.0,93.77289961658929
37,0.10047381267648325,0.3363664626774332,6.2151354168328465,0.0026588814617466722,93.78220570170541,0.0,0.0
38,0.10035948077362815,0.33613872593374,6.206626996155258,0.0007976644385240016,93.79018234609065,0.0,0.002392993315572005
39,0.10021324229323209,0.3358839565775659,6.197586799185319,0.00026588814617466725,93.79869076676823,0.002127105169397338,0.0013294407308733361
40,0.10013879361230317,0.33556538240085415,6.191471371823301,93.8053379704226,0.001063552584698669,0.0015953288770480033,0.0005317762923493345
41,0.10002977947237156,0.33521226103807383,6.186153608899808,93.81145339778462,0.0007976644385240016,0.0015953288770480033,0.0
42,0.10004041499821854,0.3356522213125281,6.176847523783695,93.8157076081234,0.0015953288770480033,0.004254210338794676,0.0015953288770480033
43,0.09993140085828693,0.3353083168312823,6.171529760860201,93.82155714733925,0.0,0.00584953921584268,0.001063552584698669
44,0.0999633074358279,0.3359944524499181,6.164350780913486,0.0,93.82129125919309,0.0005317762923493345,0.013826183601082696
45,0.0998090923110466,0.33548151995414804,6.155576472089722,0.0,0.013294407308733363,0.0,93.83112912060155
46,0.09949534429856048,0.3335759812931246,6.151322261750926,0.0005317762923493345,93.84788007381056,0.0,0.00026588814617466725
47,0.09945811995809603,0.3335939475236875,6.148397492143006,0.0013294407308733361,0.00026588814617466725,93.85000717897995,0.0
48,0.09459502576456136,0.32194143240048095,5.852729873596775,0.0,94.14514302123382,0.00026588814617466725,0.0018612170232226706
49,0.09486623167365953,0.3242243463459077,5.849273327696505,0.0013294407308733361,0.018612170232226707,94.13078506134039,0.0
50,0.09446208169147403,0.32141058131027567,5.847412110673282,0.0,94.15232200118055,0.0,0.00026588814617466725
51,0.0944886705060915,0.32175706761013023,5.846082669942409,0.002392993315572005,0.00026588814617466725,94.15125844859584,0.0
52,0.09485293726635079,0.3245684166309581,5.843689676626837,0.008508420677589352,0.014092071747257365,94.13317805465596,0.0005317762923493345
53,0.09499917574674686,0.32538639693835486,5.843157900334487,0.0005317762923493345,0.031108913102436065,0.00026588814617466725,94.12493552212456
54,0.0944142218251626,0.3214627166515988,5.842892012188313,0.00026588814617466725,94.15551265893464,0.0,0.0013294407308733361
55,0.09474126424495743,0.3240389855197824,5.840764907018915,0.00771075623906535,0.01249674287020936,94.1390275938718,0.0
56,0.09456577806848215,0.3230540598232565,5.838371913703344,0.0005317762923493345,94.1475360145494,0.0005317762923493345,0.013028519162558696
57,0.0947279698376487,0.32413525941084176,5.8375742492648195,0.0018612170232226706,0.02020749910927471,0.0005317762923493345,94.13982525831034
58,0.0943982685363921,0.32194265050519844,5.836776584826295,94.15710798781168,0.0007976644385240016,0.004254210338794676,0.001063552584698669
59,0.09462161457917884,0.3236139506438568,5.835447144095422,0.00026588814617466725,0.01808039393987737,0.001063552584698669,94.14514302123382
60,0.0956054007200251,0.32970190054360415,5.821355072348164,0.00026588814617466725,94.09861259565326,0.0005317762923493345,0.07923466756005083
61,0.09674074310419092,0.33535488636995486,5.8168349738631955,0.001063552584698669,0.1379959478646523,0.00026588814617466725,94.04383963754128
62,0.09501247015405559,0.3266123804562686,5.808326553185606,0.05131641221171077,0.0031906577540960065,94.1371663768486,0.0
63,0.0936006040978681,0.31910821966308306,5.772697541598201,0.0031906577540960065,0.0013294407308733361,94.22278235991683,0.0
64,0.06146536275119783,0.21889051956186595,3.4488351440316087,0.0,0.017814505793702706,0.0,96.53335035017469
65,0.060409786810884394,0.21450132440576533,3.3945939622119767,0.00026588814617466725,96.60115182744923,0.0,0.003988322192620008
66,0.061242016708411104,0.22002012907022916,3.387680870411435,0.002392993315572005,0.04918930704231344,96.5604709410845,0.00026588814617466725
67,0.06510271259086728,0.23895879042710916,3.3828948837802915,0.0005317762923493345,0.2555185084738552,0.00026588814617466725,96.36078894330733
68,0.060141239783247986,0.21345771496462432,3.378640673441496,96.61896633324292,0.0005317762923493345,0.0018612170232226706,0.0
69,0.06005881445793384,0.2131325871569854,3.374652351248877,0.0013294407308733361,96.62375231987409,0.0,0.00026588814617466725
70,0.0599258703848465,0.21266317419284195,3.3688028120330338,0.0,0.0005317762923493345,96.63066541167463,0.0
71,0.060348632537264225,0.21568357230032895,3.365612154278938,0.0,0.024461709448069385,0.0,96.60992613627299
72,0.059782290785912184,0.2124327455100131,3.356306069162825,0.00026588814617466725,96.64103504937542,0.0007976644385240016,0.0015953288770480033
73,0.059473860536349565,0.2113687524071195,3.3379597870767728,0.0005317762923493345,96.66044488404619,0.0005317762923493345,0.0005317762923493345
74,0.059487154943658305,0.21145478861976355,3.3376938989305978,96.65991310775382,0.0,0.002392993315572005,0.0
75,0.05927710330818031,0.2109471253636357,3.3267924849374366,0.0007976644385240016,0.0015953288770480033,96.67081452174699,0.0
76,0.05926912666379507,0.2108958051747905,3.3267924849374366,0.0,96.67108040989316,0.00026588814617466725,0.0018612170232226706
77,0.05930635100425953,0.21132903074762213,3.325197156060389,0.0053177629234933445,0.0,96.66921919286995,0.00026588814617466725
78,0.05939675297395892,0.21207008185194684,3.3238677153295146,0.0015953288770480033,0.00957197326228802,0.0,96.66496498253116
79,0.05929837435987429,0.21138450037083986,3.3238677153295146,96.67001685730847,0.00026588814617466725,0.0013294407308733361,0.004520098484969343
80,0.059707842104983276,0.21423009031460116,3.3238677153295146,0.005051874777318678,0.021802827986322715,0.0005317762923493345,96.64874580561448
81,0.059266467782333326,0.21116901422367523,3.32360182718334,0.0,96.67161218618551,0.0018612170232226706,0.00292476960792134
82,0.05961744013528389,0.21350273601637457,3.3233359390371655,0.001063552584698669,0.021802827986322715,0.0,96.65379768039182
83,0.05923987896771586,0.21106054051263043,3.3228041627448164,96.67267573877022,0.00026588814617466725,0.004254210338794676,0.0
84,0.059362187514956206,0.21197020939252037,3.322538274598642,0.0005317762923493345,0.010635525846986689,0.0,96.66629442326202
85,0.05938877632957368,0.21219828891062203,3.3217406101601177,0.006115427362017346,0.006381315508192013,96.66576264696968,0.0
86,0.05942334178857638,0.21257028388193994,3.319081728698371,0.0,0.017016841355178704,0.00026588814617466725,96.66363554180028
87,0.059237220086254115,0.21150257588518526,3.318549952406022,96.67267573877022,0.006381315508192013,0.002392993315572005,0.0
88,0.059495131588043544,0.21355305046529144,3.313232189482528,0.0053177629234933445,0.021005163547798713,96.66044488404619,0.0
89,0.05902185068785264,0.21025430414232127,3.31216863689783,0.0,96.68517248164042,0.0,0.0026588814617466722
90,0.05918404245701918,0.21160315097673765,3.3113709724593057,96.67586639652431,0.0,0.012762631016384026,0.0
91,0.05902450956931438,0.2105399369670958,3.3089779791437337,0.0,96.6854383697866,0.00026588814617466725,0.0053177629234933445
92,0.058883588851841806,0.20947651701875614,3.305255545097288,96.69474445490272,0.0,0.0,0.0
93,0.05863365399443762,0.20885054764251967,3.2885045918882847,96.71043185552702,0.0,0.001063552584698669,0.0
94,0.05855388755058522,0.20863442878668476,3.283186828964791,0.0,96.71548373030433,0.0,0.0013294407308733361
95,0.05842626124042138,0.20819664691419623,3.2733489675563283,0.0,96.72505570356662,0.0,0.0015953288770480033
96,0.05708086722077756,0.20399003306858263,3.1893283133651336,96.80960813405017,0.0,0.001063552584698669,0.0
97,0.008699860142835112,0.042745534625136604,0.4597206047359996,99.53788640194843,0.00026588814617466725,0.0005317762923493345,0.0015953288770480033
98,0.008819509808613712,0.04386447000477095,0.45493461810485564,0.00026588814617466725,99.53177097458641,0.0,0.013028519162558696
99,0.008535009492206818,0.041968406587527055,0.4528075129354583,99.54612893447984,0.0,0.001063552584698669,0.0
100,0.008588187121441751,0.04242923509937135,0.452275736643109,99.5434700530181,0.0,0.003988322192620008,0.00026588814617466725
101,0.01507054012518014,0.07448008744889113,0.45121218405841035,0.0031906577540960065,0.3286377486718887,0.00292476960792134,99.2140346399077
102,0.008593504884365246,0.0425763744402383,0.4509462959122357,0.0,99.54293827672575,0.0,0.006115427362017346
103,0.008503102914665859,0.04190364674775849,0.45068040776606094,99.5477242633569,0.001063552584698669,0.0,0.0005317762923493345
104,0.011180596546644758,0.056810600162664524,0.45041451961988627,99.41265308510016,0.002127105169397338,0.13400762567203228,0.0007976644385240016
105,0.008641364750676686,0.04293765014218573,0.45068040776606094,0.0,99.54081117155636,0.0013294407308733361,0.007178979946716016
106,0.008694542379911619,0.04333373376414959,0.45014863147371165,0.0015953288770480033,99.5381522900946,0.0,0.010103749554637356
107,0.008487149625895378,0.041826871428177675,0.44988274332753697,99.54852192779542,0.0,0.0015953288770480033,0.0
108,0.00942041701896846,0.04765075621960751,0.44988274332753697,0.00026588814617466725,0.04812575445761477,0.00026588814617466725,99.5014597259225
109,0.008481831862971885,0.04184152126679507,0.44988274332753697,0.001063552584698669,99.54852192779542,0.0,0.0005317762923493345
110,0.0089099117783131,0.044872225759574294,0.4480215263043143,0.002392993315572005,0.021802827986322715,99.52725087610143,0.0005317762923493345
111,0.008465878574201405,0.04182469151556073,0.4480215263043143,0.0,99.5495854803801,0.0005317762923493345,0.0018612170232226706
112,0.008652000276523672,0.043100759802903135,0.4480215263043143,0.0,0.01169907843168536,0.0,99.540279395264
113,0.008556280543900792,0.042510832834342156,0.4480215263043143,0.00584953921584268,0.0007976644385240016,99.54506538189514,0.00026588814617466725
114,0.008487149625895378,0.041997385478488136,0.4480215263043143,0.0,99.54852192779542,0.001063552584698669,0.002392993315572005
115,0.008471196337124898,0.04185946726251577,0.4480215263043143,0.00026588814617466725,99.54931959223394,0.0,0.002392993315572005
116,0.008370158841578525,0.041386609233715094,0.44403320411169434,0.0007976644385240016,0.0007976644385240016,99.55437146701126,0.0
117,0.008550962780977299,0.042743755734188725,0.44403320411169434,99.54533127004132,0.0,0.0074448680928906824,0.0031906577540960065
118,0.008832804215922446,0.04448033272617622,0.44403320411169434,0.0005317762923493345,0.024461709448069385,0.0,99.53097331014789
119,0.008444607522507431,0.04198563373305891,0.44403320411169434,99.55064903296481,0.0015953288770480033,0.003456545900270674,0.00026588814617466725
120,0.008396747656195991,0.0416139008983866,0.44350142781934493,0.003456545900270674,0.0,99.55304202628038,0.0
121,0.008851416386154673,0.0447574952925763,0.4432355396731703,0.005051874777318678,0.021536939840148046,99.53017564570936,0.0
122,0.008210625953873724,0.04095762652357899,0.43313179011853287,99.56234811139649,0.0,0.004520098484969343,0.0
123,0.008753037772070045,0.044546483656731764,0.43286590197235825,0.0026588814617466722,0.029513584225388065,0.0,99.5349616323405
124,0.008162766087562284,0.040644764461126595,0.43286590197235825,99.56474110471207,0.00026588814617466725,0.0018612170232226706,0.00026588814617466725
125,0.008125541747097832,0.040325569286369545,0.43286590197235825,0.0,0.00026588814617466725,0.00026588814617466725,99.56660232173529
126,0.008215943716797217,0.04105056146812519,0.43286590197235825,0.001063552584698669,0.003988322192620008,99.56208222325033,0.0
127,0.008125541747097832,0.04035245360068722,0.4326000138261836,99.56660232173529,0.0,0.0005317762923493345,0.00026588814617466725
128,0.008479172981510139,0.04292113294734198,0.4326000138261836,0.002392993315572005,0.0154215124781307,99.54878781594158,0.0007976644385240016
129,0.008221261479720712,0.04109986561374323,0.43233412568000895,0.00026588814617466725,99.56181633510414,0.0,0.005583651069668012
130,0.008221261479720712,0.04114144362261793,0.4320682375338343,99.56181633510414,0.001063552584698669,0.005051874777318678,0.0
131,0.008168083850485777,0.04079412328624514,0.43180234938765955,99.5644752165659,0.0007976644385240016,0.0015953288770480033,0.0013294407308733361
132,0.008487149625895378,0.042884932273105525,0.43127057309531025,0.00026588814617466725,0.019941610963100043,0.0,99.54852192779542
133,0.008168083850485777,0.04082626565190485,0.43100468494913563,0.001063552584698669,99.5644752165659,0.0,0.003456545900270674
134,0.008662635802370658,0.04401816311329737,0.4302070205106116,0.0005317762923493345,0.029247696079213396,0.00026588814617466725,99.53974761897165
135,0.01527793287919638,0.07836896679224939,0.4302070205106116,0.06514259581279347,0.2773213364601779,99.20526033108392,0.022068716132497383
136,0.008316981212343592,0.04203853389026876,0.4296752442182623,0.0,99.55676446032683,0.005583651069668012,0.007976644385240017
137,0.008590846002903498,0.04377737387974675,0.41345606730160755,0.0005317762923493345,0.03908555748767609,0.0,99.54692659891836
138,0.007944737807699057,0.03993117060508901,0.4113289621322102,0.0005317762923493345,99.57936495275167,0.0,0.008774308823764019
139,0.008098952932480363,0.0410721857493026,0.40973363325516227,99.57165419651261,0.002392993315572005,0.016219176916654702,0.0
140,0.00785433583799967,0.03942819468528822,0.40973363325516227,0.0,99.58388505123665,0.0015953288770480033,0.00478598663114401
141,0.008194672665103245,0.04161500283640564,0.40946774510898754,0.0007976644385240016,0.02286638057102138,0.0,99.56686820988146
142,0.00779849932730299,0.03922081104280558,0.4076065280857649,0.001063552584698669,99.58654393269839,0.002127105169397338,0.0026588814617466722
143,0.007763933868300283,0.03900440408795128,0.4062770873548916,0.0,99.58840514972161,0.002127105169397338,0.0031906577540960065
144,0.008008550962780978,0.04059874418993384,0.40547942291636757,0.0,0.01834628208605204,0.0,99.57617429499757
145,0.007769251631223777,0.03913686465595511,0.40547942291636757,0.00292476960792134,99.58813926157544,0.0015953288770480033,0.0018612170232226706
146,0.008721131194529086,0.04502384693493941,0.40547942291636757,0.004254210338794676,0.05078463591936145,99.53948173082547,0.0
147,0.013618790847066456,0.06790375805444054,0.4081383043781142,0.002127105169397338,0.29566761854622997,0.001063552584698669,99.29300341932155
148,0.00794207892623731,0.040142429120487655,0.40840419252428883,99.5790990646055,0.001063552584698669,0.01143319028551069,0.0
149,0.008133518391483071,0.04156912660212012,0.40787241623193954,0.014092071747257365,0.005051874777318678,99.56979297948939,0.0031906577540960065
150,0.008162766087562284,0.041685311633992146,0.4076065280857649,0.01356029545490803,0.010369637700812022,99.56846353875851,0.0
151,0.008460560811277912,0.04318307931131162,0.4076065280857649,0.0,0.03881966934150141,0.0,99.55357380257274
152,0.008199990428026738,0.041915089113261424,0.40867008067046356,0.010103749554637356,99.56660232173529,0.0007976644385240016,0.013826183601082696
153,0.00816542496902403,0.04159915583316545,0.4065429755010662,0.023929933155720052,0.0013294407308733361,99.56819765061235,0.0
154,0.010683385713298129,0.05520532332294002,0.4057453110625422,0.0015953288770480033,0.14464315151901896,0.0074448680928906824,99.4405713404485
155,0.004036182058931448,0.023436155701250964,0.2174965035708778,0.002392993315572005,99.77612218092094,0.0005317762923493345,0.003456545900270674
156,0.004068088636472409,0.023423590392782533,0.22042127317879914,0.0,99.77452685204389,0.0,0.005051874777318678
157,0.004142537317401315,0.02355742045845021,0.2273343649793405,99.77080441799744,0.0,0.0018612170232226706,0.0
158,0.004238257050024196,0.02427237818032255,0.2273343649793405,0.00026588814617466725,0.006381315508192013,0.0,99.76601843136629
159,0.0045254162478928365,0.026285935160965314,0.2273343649793405,0.015155624331956033,0.00584953921584268,99.75166047147286,0.0
160,0.00457859387712777,0.02667397747275243,0.2273343649793405,0.005583651069668012,0.017016841355178704,99.7490015900111,0.001063552584698669
161,0.004264845864641663,0.02435925744869185,0.2289296938563885,0.0,99.76468899063542,0.0,0.006381315508192013
162,0.013810230312312216,0.07106276913071735,0.2273343649793405,0.03589489973358008,99.26614871655792,0.0005317762923493345,0.4700902424368117
163,0.004190397183712755,0.024304304469446668,0.22095304947114847,0.0007976644385240016,99.76841142468187,0.0005317762923493345,0.009306085116113354
164,0.0315210397290068,0.13394863872540017,0.22440959537141916,0.0013294407308733361,1.4730203298076565,0.00026588814617466725,98.30097474594388
165,0.007628330913751203,0.04417420431812428,0.22175071390967246,0.09146552228408553,0.08614775936059219,99.59505235337598,0.005583651069668012
166,0.004131901791554329,0.024230186078246816,0.21377406952443248,0.0,99.77133619428979,0.0018612170232226706,0.013028519162558696
167,0.004094677451089875,0.023954227272251827,0.21377406952443248,0.0007976644385240016,0.012230854724034693,0.0,99.773197411313
168,0.0043233412568000895,0.025451870081146574,0.21324229323208313,0.0015953288770480033,0.02313226871719605,0.00026588814617466725,99.76176422102749
169,0.00811756510271259,0.046411939968766504,0.21297640508590845,0.07285335205185883,0.145440815957543,99.5687294269047,0.0
170,0.004357906715802796,0.02599259683225681,0.20978574733181246,0.00026588814617466725,99.7596371158581,0.00957197326228802,0.020739275401624045
171,0.061888124903615546,0.9035061214866245,0.21031752362416178,0.0031906577540960065,30.045360517737397,69.73794064313024,0.0031906577540960065
172,0.003701162994751368,0.021924564185880922,0.20074555036187378,0.0026588814617466722,99.79287313412993,0.0,0.0037224340464453412
173,0.0037756116756802746,0.022474559820480477,0.20074555036187378,0.0031906577540960065,99.78915070008348,0.00026588814617466725,0.0066472036543666815
174,0.004195714946636249,0.02524756772200312,0.20074555036187378,0.009306085116113354,0.021536939840148046,99.76814553653568,0.00026588814617466725
175,0.0041505139617865556,0.024756890862780056,0.20074555036187378,0.0007976644385240016,0.02818414349451473,0.0,99.77027264170508
176,0.0037702939127567813,0.022496042055951546,0.2004796622156991,99.78941658822966,0.002127105169397338,0.00478598663114401,0.0031906577540960065
177,0.004089359688166382,0.024683906762492387,0.19861844519247643,0.018612170232226707,0.008508420677589352,99.77346329945918,0.0007976644385240016
178,0.003828789304915208,0.022881011961367048,0.19835255704630175,0.0015953288770480033,0.01356029545490803,0.0,99.78649181862174
179,0.004291434679259129,0.025746581803506575,0.19782078075395246,0.001063552584698669,0.036958452318278746,0.001063552584698669,99.76309366175838
180,0.005604922121361986,0.03375857180923865,0.19675722816925376,0.022068716132497383,0.07630989795212949,99.6966216252147,0.008242532531414685
181,0.003637349839669448,0.02164881477560189,0.19755489260777775,99.79606379188402,0.00026588814617466725,0.002127105169397338,0.003988322192620008
182,0.004605182691745237,0.027640268358356916,0.1996819977771751,0.0007976644385240016,99.74527915596467,0.0005317762923493345,0.05370940552728279
183,0.028402171774377954,0.12346983384131856,0.21217874064738446,0.0018612170232226706,1.318539316880175,0.00026588814617466725,98.46715483730304
184,0.004099995214013369,0.024010269346192853,0.21696472727852847,99.77266563502066,0.0037224340464453412,0.003456545900270674,0.0031906577540960065
185,0.003552265632893554,0.022225690397714347,0.16671186765151635,0.002127105169397338,99.800583890369,0.001063552584698669,0.029513584225388065
186,0.0031534334136315537,0.019694051938364023,0.1656483150668177,0.0005317762923493345,0.013294407308733363,0.0,99.8205255013321
187,0.0028822275045333927,0.01780718001802979,0.16485065062829368,99.83408579678701,0.001063552584698669,0.0,0.0
188,0.0029194518449978464,0.018140140097454453,0.164584762482119,0.0026588814617466722,0.00026588814617466725,99.83222457976379,0.00026588814617466725
189,0.0031162090731671,0.019479408721565613,0.164584762482119,0.00026588814617466725,0.012762631016384026,0.0,99.82238671835533
190,0.002914134082074353,0.018115384234758714,0.16431887433594436,99.83249046790996,0.0007976644385240016,0.002392993315572005,0.0
191,0.002946040659615313,0.018390976092443802,0.16325532175124569,0.00026588814617466725,0.005583651069668012,0.0,99.83089513903292
192,0.0029566761854622997,0.0185395215091629,0.16298943360507104,99.83036336274056,0.0015953288770480033,0.004520098484969343,0.0005317762923493345
193,0.00316406893947854,0.01986615087297325,0.16298943360507104,0.0,99.81999372503975,0.0007976644385240016,0.016219176916654702
194,0.0031215268360905934,0.019632357330762917,0.16298943360507104,0.0018612170232226706,0.013028519162558696,0.0,99.82212083020914
195,0.0028556386899159262,0.017738631385569963,0.16272354545889636,0.0,99.83541523751788,0.0,0.0018612170232226706
196,0.002850320926992433,0.01770693957737461,0.16272354545889636,99.83568112566405,0.0013294407308733361,0.00026588814617466725,0.0
197,0.00306834920685566,0.019267609958046626,0.16325532175124569,0.010369637700812022,0.0015953288770480033,99.8247797116709,0.0
198,0.0029832650000797666,0.01872319279832828,0.16325532175124569,0.0031906577540960065,0.004254210338794676,99.82903392200969,0.00026588814617466725
199,0.0033395551159538205,0.02028349665031894,0.18213338012964705,0.0,99.81121941621599,0.0026588814617466722,0.003988322192620008
200,0.003142797887784567,0.01964492968189302,0.16511653877446836,0.0005317762923493345,99.82105727762445,0.0,0.013294407308733363
201,0.0029566761854622997,0.01839864479831993,0.16431887433594436,0.0,99.83036336274056,0.0,0.0053177629234933445
202,0.035315263574919306,0.16101437122906764,0.16750953209004035,0.007178979946716016,97.81333588585953,0.0,2.011975602103707
203,0.003717116283521848,0.023356346186452742,0.1712319661364857,0.010901413993161357,0.022068716132497383,99.79234135783759,0.003456545900270674
204,0.0030071949332354866,0.018885112384759248,0.16192588102037234,0.0,99.82770448127881,0.00026588814617466725,0.010103749554637356
205,0.002993900525926753,0.018778792898096256,0.16192588102037234,0.00026588814617466725,0.009306085116113354,0.0,99.82850214571734
206,0.0038022004902977416,0.023666267228630567,0.1616599928741977,0.0018612170232226706,0.04839164260378944,0.0,99.7880871474988
207,0.0034751580705029007,0.021952623340040257,0.161394104728023,0.029513584225388065,0.004520098484969343,99.80430632441545,0.00026588814617466725
208,0.003238517620407447,0.020570399266797195,0.16086232843567366,0.01143319028551069,0.01143319028551069,99.81627129099331,0.0
209,0.0032916952496423804,0.020775922334489674,0.16086232843567366,0.0007976644385240016,0.02525937388659339,99.81308063323921,0.0
210,0.002818414349451473,0.01761134732175958,0.16033055214332437,0.00026588814617466725,99.8372764545411,0.0,0.002127105169397338
211,0.002807778823604486,0.017571904859026648,0.15979877585097502,0.0007976644385240016,0.0015953288770480033,99.83780823083346,0.0
212,0.002850320926992433,0.0178939996457705,0.15953288770480034,0.0,99.83568112566405,0.00026588814617466725,0.004520098484969343
213,0.003302330775489367,0.02093015178660313,0.15926699955862567,0.003988322192620008,0.023664045009545383,99.81308063323921,0.0
214,0.002403628841418992,0.016182579649747217,0.12656275757914162,99.85801572994274,0.0,0.0154215124781307,0.0
215,0.0023344979234135783,0.01575680691664382,0.12603098128679227,0.0,0.01249674287020936,0.0,99.861472275843
216,0.0024248998931129654,0.016503482412657988,0.12523331684826827,0.00292476960792134,0.015155624331956033,0.0,99.85668628921185
217,0.0025950683066647525,0.017607611216767703,0.12523331684826827,0.019409834670750706,0.006913091800541348,99.84844375668044,0.0
218,0.002440853181883445,0.016757174764572058,0.1249674287020936,99.8561545129195,0.005583651069668012,0.00771075623906535,0.005583651069668012
219,0.002166988391323538,0.014760363578903231,0.12416976426356961,99.86998069652059,0.001063552584698669,0.0037224340464453412,0.001063552584698669
220,0.0027014235651346193,0.018128739723198166,0.12416976426356961,99.84339188190312,0.00026588814617466725,0.030311248663912067,0.0018612170232226706
221,0.002270684768331658,0.015506217862910862,0.1233720998250456,0.009040196969938685,0.002127105169397338,99.86492882174328,0.0005317762923493345
222,0.0020367031996979513,0.013849515140125356,0.1209791065094736,0.0007976644385240016,0.0013294407308733361,99.87689378832113,0.0
223,0.0020367031996979513,0.013844479309564438,0.12071321836329893,0.0,99.87689378832113,0.0,0.002392993315572005
224,0.002111151880626858,0.0144903089817025,0.12071321836329893,99.87290546612851,0.001063552584698669,0.00478598663114401,0.0005317762923493345
225,0.0023610867380310452,0.016166246865316286,0.12071321836329893,99.8604087232583,0.0007976644385240016,0.016750953209004035,0.0013294407308733361
226,0.0024727597594244055,0.016854453477691798,0.12018144207094959,0.003456545900270674,0.021271051693973378,99.8550909603348,0.0
227,5.317762923493345e-06,5.308042646292631e-05,0.0,99.99973411185383,0.00026588814617466725,0.0,0.0
228,0.0,0.0,0.0,0.0,100.0,0.0,0.0
229,0.0,0.0,0.0,0.0,0.0,100.0,0.0
230,0.0002712059090981606,0.001937891109005776,0.0,0.01356029545490803,0.0,99.98643970454509,0.0
231,0.00019675722816925377,0.0016026101704950482,0.0,99.99016213859153,0.0037224340464453412,0.003988322192620008,0.002127105169397338
232,0.00012762631016384026,0.0010695641853426551,0.0,0.002127105169397338,0.003456545900270674,99.9936186844918,0.0007976644385240016
233,0.0001648506506282937,0.0012914933750154804,0.0,99.99175746746859,0.00026588814617466725,0.007178979946716016,0.0007976644385240016
234,4.78598663114401e-05,0.00042558376145700834,0.0,0.0013294407308733361,0.001063552584698669,99.99760700668443,0.0
235,0.0008455243048354418,0.005434997292467916,0.0,0.0007976644385240016,0.04174443894942276,0.0,99.95745789661206
236,0.0010901413993161357,0.006842006818910067,0.0,0.0007976644385240016,0.05450706996580679,0.0,99.94469526559567
237,4.254210338794676e-05,0.00038340447288414813,0.0,0.00026588814617466725,99.99787289483059,0.00026588814617466725,0.0015953288770480033
238,0.0008082999643709884,0.005478783185481877,0.0,0.010901413993161357,99.95958500178145,0.0,0.029513584225388065
239,0.0002605703832511739,0.001993005606062394,0.0,0.008242532531414685,0.00478598663114401,99.98697148083744,0.0
240,0.00012762631016384026,0.0010399458513924553,0.0,0.0,99.9936186844918,0.002127105169397338,0.004254210338794676
241,0.0013347584937968295,0.00806520653588125,0.0,0.0007976644385240016,0.06594026025131748,0.0,99.93326207531015
242,6.913091800541348e-05,0.0005890759359385299,0.0,0.0007976644385240016,0.0026588814617466722,0.0,99.99654345409972
243,0.0001063552584698669,0.0008567167753237611,0.0,0.0005317762923493345,0.00478598663114401,0.0,99.9946822370765
244,5.849539215842679e-05,0.0004955579998339837,0.0,0.00026588814617466725,99.99707523039207,0.0,0.0026588814617466722
245,0.0009518795633053087,0.0062325787747143195,0.0,0.04174443894942276,0.006115427362017346,99.95214013368856,0.0
246,0.00011167302139336024,0.0009244468364112341,0.0,0.002392993315572005,0.0031906577540960065,99.99441634893034,0.0
247,7.444868092890682e-05,0.0006152176449577539,0.0,0.00026588814617466725,99.99627756595355,0.0,0.003456545900270674
248,0.00014357959893432031,0.0011635342611799912,0.0,0.003456545900270674,99.99282102005328,0.0,0.0037224340464453412
249,0.0001063552584698669,0.0009115431453874528,0.0,0.0013294407308733361,99.9946822370765,0.0013294407308733361,0.0026588814617466722
250,0.0002127105169397338,0.0016474416254699722,0.0,0.00292476960792134,0.00771075623906535,0.0,99.989364474153
251,5.317762923493345e-06,5.308042646292631e-05,0.0,99.99973411185383,0.0,0.00026588814617466725,0.0
252,7.444868092890682e-05,0.0006013987664394628,0.0,99.99627756595355,0.0,0.0037224340464453412,0.0
253,0.0008774308823764019,0.005583931507674321,0.0,0.0007976644385240016,0.04307387968029609,0.0,99.95612845588117
254,7.444868092890682e-05,0.0006013987664394628,0.0,0.0037224340464453412,0.0,99.99627756595355,0.0
255,6.913091800541348e-05,0.000592917603371104,0.0,99.99654345409972,0.0,0.002392993315572005,0.001063552584698669
256,4.78598663114401e-05,0.00041391031590408547,0.0,0.002127105169397338,0.00026588814617466725,99.99760700668443,0.0
257,5.317762923493345e-05,0.00046829410072472225,0.0,99.99734111853826,0.0,0.001063552584698669,0.0015953288770480033
258,5.317762923493345e-05,0.0004732350750184535,0.0,99.99734111853826,0.0018612170232226706,0.0005317762923493345,0.00026588814617466725
259,9.040196969938686e-05,0.0007321974491834434,0.0,99.99547990151503,0.0,0.004254210338794676,0.00026588814617466725
260,4.254210338794676e-05,0.0003608299710370948,0.0,99.99787289483059,0.0,0.002127105169397338,0.0
261,0.0008614775936059218,0.00549041667289768,0.0,0.00026588814617466725,0.04307387968029609,0.0,99.95666023217353
262,5.849539215842679e-05,0.0004955579998339837,0.0,99.99707523039207,0.0,0.0026588814617466722,0.00026588814617466725
263,8.508420677589351e-05,0.0006791171859138039,0.0,0.0,0.004254210338794676,0.0,99.9957457896612
264,1.5953288770480033e-05,0.00014659856655826724,0.0,99.99920233556148,0.0,0.0007976644385240016,0.0
265,0.0005370940552728279,0.0035730286583090234,0.0,0.0,0.026854702763641394,0.0,99.97314529723636
266,7.976644385240017e-05,0.0006403859413301288,0.0,0.003988322192620008,0.0,99.99601167780739,0.0
267,3.1906577540960066e-05,0.00027724375255117306,0.0,0.0,99.99840467112296,0.0,0.0015953288770480033
268,0.00046796313726741435,0.0032098418873088754,0.0,0.0007976644385240016,0.022600492424846713,0.0,99.97660184313662
269,3.722434046445341e-05,0.00031931180334068165,0.0,0.0018612170232226706,0.0,0.0,99.99813878297678
270,0.00010103749554637355,0.0008418915069525804,0.0,99.99494812522268,0.0018612170232226706,0.0031906577540960065,0.0
271,6.381315508192013e-05,0.0005357840398009006,0.0,99.99680934224591,0.00026588814617466725,0.00292476960792134,0.0
272,0.0005264585294258411,0.0036068869993255977,0.0,0.0018612170232226706,0.024461709448069385,0.0,99.9736770735287
273,2.6588814617466724e-05,0.00025275934808807645,0.0,0.00026588814617466725,99.99867055926913,0.0007976644385240016,0.00026588814617466725
274,0.005620875410132465,0.02850441711190569,0.0,0.0015953288770480033,0.2852979808454179,0.0,99.71310669027753
275,0.00031374801248610734,0.0023611291856884256,0.00026588814617466725,99.98431259937568,0.01249674287020936,0.002127105169397338,0.0007976644385240016
276,0.0003562901158740541,0.0027061941051934203,0.010369637700812022,0.00584953921584268,0.0015953288770480033,99.9821854942063,0.0
277,0.0002392993315572005,0.0017499059060727441,0.01169907843168536,0.0,99.98803503342214,0.0,0.00026588814617466725
278,0.0002765236720216539,0.002087551730181533,0.01169907843168536,0.0007976644385240016,99.98617381639892,0.00026588814617466725,0.001063552584698669
279,3.722434046445341e-05,0.00031931180334068165,0.0018612170232226706,0.0,99.99813878297678,0.0,0.0
280,0.0002712059090981606,0.0021016462403281666,0.0018612170232226706,0.009306085116113354,0.002392993315572005,99.98643970454509,0.0
281,6.913091800541348e-05,0.0005965551275117553,0.0018612170232226706,0.0,0.0015953288770480033,0.0,99.99654345409972
282,4.254210338794676e-05,0.0003723921584073993,0.0018612170232226706,0.0,0.00026588814617466725,0.0,99.99787289483059
283,0.00010103749554637355,0.0008751015346466203,0.0018612170232226706,0.0005317762923493345,99.99494812522268,0.00026588814617466725,0.002392993315572005
284,0.00013294407308733362,0.001106294567086547,0.0018612170232226706,0.003988322192620008,0.0007976644385240016,99.99335279634563,0.0
285,8.508420677589351e-05,0.0007394659011188663,0.0018612170232226706,0.0005317762923493345,99.9957457896612,0.0018612170232226706,0.0
286,0.0003828789304915208,0.002755649730935312,0.0007976644385240016,0.0007976644385240016,99.98085605347542,0.00026588814617466725,0.01728272950135337
287,6.913091800541348e-05,0.0006049605416823443,0.001063552584698669,0.00026588814617466725,99.99654345409972,0.0,0.002127105169397338
288,2.6588814617466724e-05,0.0002474415851645831,0.0007976644385240016,0.0,99.99867055926913,0.0,0.0005317762923493345
289,7.444868092890682e-05,0.0006234233953929605,0.0005317762923493345,99.99627756595355,0.0,0.0031906577540960065,0.0
290,8.508420677589351e-05,0.0007075593235779062,0.00026588814617466725,0.0037224340464453412,0.0,0.00026588814617466725,99.9957457896612
291,0.00039351445633850754,0.0028273308648357636,0.00026588814617466725,99.97979250089072,0.0,0.019409834670750706,0.0005317762923493345
292,0.0001063552584698669,0.0008890116576223065,0.00026588814617466725,0.0037224340464453412,0.0013294407308733361,99.9946822370765,0.0
293,0.0004254210338794676,0.002983004042220862,0.00026588814617466725,0.019941610963100043,0.001063552584698669,99.97872894830603,0.0
294,1.5953288770480033e-05,0.00015392348586696725,0.00026588814617466725,0.0,99.99920233556148,0.0,0.0005317762923493345
295,0.00014357959893432031,0.0011510406814072192,0.00026588814617466725,0.0,99.99282102005328,0.001063552584698669,0.00584953921584268
296,0.0064983062925088675,0.03187955526838937,0.0,0.0015953288770480033,0.32571297906396735,0.0,99.67269169205899
297,0.00020739275401624046,0.0015523125088934147,0.0,0.009837861408462689,0.0005317762923493345,99.98963036229918,0.0
298,0.005583651069668012,0.02804552105627698,0.0,0.0013294407308733361,0.27865077719105125,0.0007976644385240016,99.71922211763955
299,6.913091800541348e-05,0.0005890759359385299,0.0,0.0026588814617466722,0.0007976644385240016,99.99654345409972,0.0
300,1.063552584698669e-05,0.00010084307980282209,0.0,99.99946822370765,0.0,0.0005317762923493345,0.0
301,0.0005743183957372813,0.0037928990436387118,0.0,0.0,0.028715919786864063,0.0,99.97128408021314
302,7.444868092890682e-05,0.0006364002910989634,0.0,0.002392993315572005,0.0013294407308733361,99.99627756595355,0.0
303,5.317762923493345e-06,5.308042646292631e-05,0.0,0.0,99.99973411185383,0.0,0.00026588814617466725
304,0.0008561598306824286,0.005646235099654125,0.0,0.0037224340464453412,0.03828789304915208,99.95719200846588,0.0007976644385240016
305,0.0013773005971847764,0.008525912126612011,0.0,0.0037224340464453412,0.06461081952044415,0.0007976644385240016,99.93086908199459
306,6.381315508192013e-05,0.0005699093657960843,0.0,0.0013294407308733361,99.99680934224591,0.0013294407308733361,0.0005317762923493345
307,0.008364841078655032,0.0394483154587352,0.0,0.001063552584698669,0.42063504724832357,0.0,99.57830140016698
308,0.001956936755845551,0.011468566924087254,0.0,0.09306085116113354,0.00478598663114401,99.90215316220772,0.0
309,7.976644385240017e-05,0.0006544790501084828,0.0,0.00026588814617466725,99.99601167780739,0.0,0.0037224340464453412
310,6.381315508192013e-05,0.0005357840398009006,0.0,99.99680934224591,0.0,0.00292476960792134,0.00026588814617466725
311,0.0003031124866391207,0.0022151317403193527,0.0,0.0015953288770480033,0.01356029545490803,0.0,99.98484437566805
312,0.00011167302139336024,0.0009086584161600733,0.0,0.004520098484969343,0.001063552584698669,99.99441634893034,0.0
313,9.57197326228802e-05,0.000786984048906667,0.0,0.0007976644385240016,99.99521401336887,0.0,0.003988322192620008
314,0.0002392993315572005,0.0018316144907303553,0.0,0.008774308823764019,0.0031906577540960065,99.98803503342214,0.0
315,0.00029247696079213396,0.0023332199362229907,0.0,0.01169907843168536,0.002392993315572005,99.98457848752187,0.0013294407308733361
316,0.0008614775936059218,0.005501968156566113,0.0,0.00026588814617466725,0.04227621524177209,0.0005317762923493345,99.95692612031971
