Position,Mutability,Shannon_entropy,Gap_percentage,A_percentage,T_percentage,G_percentage,C_percentage
1,0.0004568643874210005,0.0030926239183833204,99.97715678062895,0.0,0.022843219371050025,0.0,0.0
2,0.0004568643874210005,0.0030926239183833204,99.97715678062895,0.0,0.0,0.022843219371050025,0.0
3,0.0004568643874210005,0.0030926239183833204,99.97715678062895,0.0,0.022843219371050025,0.0,0.0
4,0.0004568643874210005,0.0030926239183833204,99.97715678062895,0.022843219371050025,0.0,0.0,0.0
5,0.0007614406457016675,0.005243414210521622,99.96192796771491,0.022843219371050025,0.01522881291403335,0.0,0.0
6,0.0007614406457016675,0.005148606284089236,99.96192796771491,0.0304576258280667,0.007614406457016675,0.0,0.0
7,0.0007614406457016675,0.005148606284089236,99.96192796771491,0.0304576258280667,0.007614406457016675,0.0,0.0
8,0.0007614406457016675,0.005395702339661955,99.96192796771491,0.007614406457016675,0.007614406457016675,0.0,0.022843219371050025
9,0.000304576258280667,0.0023031286186047254,99.98477118708597,0.0,0.007614406457016675,0.007614406457016675,0.0
10,0.0007614406457016675,0.005243414210521622,99.96192796771491,0.0,0.0,0.022843219371050025,0.01522881291403335
11,0.000913728774842001,0.006300132943325891,99.9543135612579,0.0304576258280667,0.0,0.007614406457016675,0.007614406457016675
12,0.000913728774842001,0.006025280245965287,99.9543135612579,0.0,0.007614406457016675,0.0,0.03807203228508338
13,0.0010660169039823347,0.008536357674653324,99.93147034188685,0.0,0.0,0.0609152516561334,0.007614406457016675
14,0.0010660169039823347,0.008536357674653324,99.93147034188685,0.0,0.007614406457016675,0.0609152516561334,0.0
15,0.001218305033122668,0.009342969640010291,99.92385593542983,0.0,0.0,0.007614406457016675,0.06852965811315008
16,0.0013705931622630017,0.011493642760433808,99.90862712251581,0.01522881291403335,0.007614406457016675,0.0,0.06852965811315008
17,0.001827457549684002,0.013634908881541364,99.88578390314476,0.0913728774842001,0.0,0.022843219371050025,0.0
18,0.0027411863245260033,0.019527438997306135,99.83248305794564,0.0,0.07614406457016676,0.0913728774842001,0.0
19,0.005330084519911673,0.03327497460563384,99.70303814817635,0.0913728774842001,0.16751694205436687,0.03807203228508338,0.0
20,0.08946927586994594,0.32767536121092694,94.21305109266733,5.672732810477423,0.01522881291403335,0.09898728394121678,0.0
21,0.09251503845275261,0.3408005029050458,93.90086042792964,0.007614406457016675,0.007614406457016675,5.97730906875809,0.10660169039823347
22,0.09548465697098911,0.37721481672857,92.99474605954467,0.0609152516561334,0.0,0.07614406457016676,6.868194624229042
23,0.09891113987664661,0.3931470949732224,92.7891570852052,6.891037843600091,0.0,0.3121906647376837,0.007614406457016675
24,0.09883499581207644,0.379515119855939,92.67494098834996,7.309830198736009,0.01522881291403335,0.0,0.0
25,0.09913957207035712,0.3814947863158979,92.6444833625219,7.332673418107058,0.007614406457016675,0.01522881291403335,0.0
26,0.10058630929719029,0.3887297875050321,92.5607248914947,7.355516637478108,0.0,0.08375847102718344,0.0
27,0.10347978375085662,0.3943108044778211,92.36275032361227,0.03807203228508338,0.0,7.583948831188608,0.01522881291403335
28,0.1042412243965583,0.39577001915662,92.30944947841316,0.0,0.0,0.053300845199116736,7.637249676387725
29,0.0007614406457016675,0.0048737535867286325,99.96192796771491,0.0,0.0,0.0,0.03807203228508338
30,0.10553567349425112,0.4053032249203928,92.21046219447194,7.660092895758776,0.007614406457016675,0.01522881291403335,0.10660169039823347
31,0.0001522881291403335,0.001151568491934953,99.99238559354299,0.0,0.0,0.007614406457016675,0.0
32,0.10644940226909312,0.4066366351133602,92.1419325363588,0.11421609685525014,0.0,7.736236960328942,0.007614406457016675
33,0.1076677073022158,0.4058278208909807,91.9211147491053,0.0,0.0,8.071270844437677,0.007614406457016675
34,0.31089621563999087,0.999784478800128,50.86423513287139,0.0,0.0,49.13576486712861,0.0
35,0.3169877408056042,1.0115946762165116,50.07995126779867,0.053300845199116736,49.82106144826011,0.03807203228508338,0.007614406457016675
36,0.31683545267646385,1.0087739169918477,49.93527754511536,0.0,0.01522881291403335,49.98857839031447,0.0609152516561334
37,0.3363283332064266,1.1145266162949494,40.919820300007615,56.81870098225843,0.0,2.2614787177339526,0.0
38,0.32003350338841086,0.9970468086866073,40.67615929338308,0.16751694205436687,0.03807203228508338,0.007614406457016675,59.11063732582045
39,0.0001522881291403335,0.001151568491934953,99.99238559354299,0.007614406457016675,0.0,0.0,0.0
40,0.3204142237112617,0.9799481574262185,40.44011269321556,59.50658646158532,0.04568643874210005,0.0,0.007614406457016675
41,0.3206426559049722,0.9719133195845984,40.16599406076297,59.83400593923703,0.0,0.0,0.0
42,0.3230031219066474,0.9722184020406143,39.869032208939316,60.11573897814665,0.01522881291403335,0.0,0.0
43,0.47833701362978753,1.5602628887871564,34.95012563770654,24.586918449706847,0.03807203228508338,40.42488388030153,0.0
44,0.32033807964669153,0.9155977823512162,32.75717657808574,67.21998020254321,0.0,0.01522881291403335,0.007614406457016675
45,0.3188913424198584,0.9096178644762141,32.38407066169192,0.0,0.0,0.007614406457016675,67.60831493185107
46,0.31455113073935886,0.8906275407066719,30.686058021777203,69.30632757176578,0.0,0.007614406457016675,0.0
47,0.30746973273433337,0.8799732088590175,29.6352699307089,0.007614406457016675,70.34188684992004,0.0,0.01522881291403335
48,0.0001522881291403335,0.001151568491934953,99.99238559354299,0.007614406457016675,0.0,0.0,0.0
49,0.302291936343562,0.8830817571022136,28.98804538186248,70.88250970836823,0.022843219371050025,0.10660169039823347,0.0
50,0.0,0.0,0.0,100.0,0.0,0.0,0.0
51,0.0,0.0,0.0,0.0,100.0,0.0,0.0
52,0.0,0.0,0.0,0.0,0.0,100.0,0.0
53,0.004264067615929339,0.02199131039416409,0.0,0.21320338079646695,0.0,99.78679661920353,0.0
54,0.0004568643874210005,0.003997071257038247,0.0,99.96954237417194,0.0,0.0304576258280667,0.0
55,0.2695499885783903,1.3856961231983798,0.0,17.101956902459452,59.00403563542221,0.07614406457016676,23.817863397548162
56,0.0054062285844818396,0.03414574213795501,0.0,0.007614406457016675,99.64973730297724,0.0,0.3426482905657504
57,0.005177796390771339,0.027537340642689354,0.0,0.03807203228508338,0.2208177872534836,0.0,99.74111018046143
58,0.03144749866747887,0.14741491913587168,0.0,0.4035635422218838,1.454351633290185,0.0,98.14208482448792
59,0.05002665042259956,0.3295487199051515,0.0,94.02269093124191,0.022843219371050025,0.007614406457016675,5.946851442930024
60,0.001218305033122668,0.00886747132314162,0.0,99.93147034188685,0.007614406457016675,0.053300845199116736,0.007614406457016675
61,0.016751694205436686,0.08503338998737912,0.0,0.0913728774842001,0.9061143683849844,0.0,99.0025127541308
62,0.0,0.0,0.0,100.0,0.0,0.0,0.0
63,0.000304576258280667,0.002150840489464392,0.0,0.0,0.01522881291403335,0.0,99.98477118708597
64,0.2610979974111018,0.9739799692349098,0.0,0.14467372268331682,62.186857534455186,0.0304576258280667,37.63801111703343
65,0.2621640143150841,0.9824543689684457,0.0,38.49843904667631,0.20558897433945023,61.28835757252722,0.007614406457016675
66,0.0031980507119470035,0.019976266441700287,0.0,0.022843219371050025,99.82486865148861,0.007614406457016675,0.14467372268331682
67,0.007157542069595675,0.03781842944960904,0.0,0.2741186324526003,0.0913728774842001,99.6345084900632,0.0
68,0.001522881291403335,0.009342969640010291,0.0,0.06852965811315008,99.92385593542983,0.0,0.007614406457016675
69,0.00609152516561334,0.043272047719301585,0.0,0.0,0.4720932003350339,0.0,99.52790679966496
70,0.002436610066245336,0.015215459573193755,0.0,99.87816949668773,0.06852965811315008,0.03807203228508338,0.01522881291403335
71,0.0010660169039823347,0.00687982644127403,0.0,99.94669915480088,0.007614406457016675,0.04568643874210005,0.0
72,0.000609152516561334,0.004244167312610968,0.0,0.007614406457016675,0.0,99.96954237417194,0.022843219371050025
73,0.30975405467143835,0.9966472637896031,0.0,0.0,53.407446889514965,0.0,46.592553110485035
74,0.0001522881291403335,0.001151568491934953,0.0,0.0,99.99238559354299,0.0,0.007614406457016675
75,0.0001522881291403335,0.001151568491934953,0.0,0.0,99.99238559354299,0.0,0.007614406457016675
76,0.308688037767456,0.995838739653504,0.0,0.0,46.204218381177185,0.0,53.795781618822815
77,0.000609152516561334,0.004301647515318915,0.0,0.01522881291403335,0.0,0.01522881291403335,99.96954237417194
78,0.0,0.0,0.0,100.0,0.0,0.0,0.0
79,0.0,0.0,0.0,0.0,0.0,100.0,0.0
80,0.0,0.0,0.0,0.0,0.0,100.0,0.0
81,0.0001522881291403335,0.001151568491934953,0.0,0.0,99.99238559354299,0.007614406457016675,0.0
82,0.0,0.0,0.0,100.0,0.0,0.0,0.0
83,0.0,0.0,0.0,0.0,0.0,100.0,0.0
84,0.0,0.0,0.0,100.0,0.0,0.0,0.0
85,0.2761745221959948,0.9778373149978462,0.0,0.01522881291403335,59.47612883575726,0.01522881291403335,40.49341353841468
86,0.0001522881291403335,0.001151568491934953,0.0,0.0,99.99238559354299,0.0,0.007614406457016675
87,0.000304576258280667,0.0023031286186047254,0.0,0.0,0.007614406457016675,99.98477118708597,0.007614406457016675
88,0.2652097768978908,0.9635665955373887,0.0,0.0,38.810629711413995,0.0,61.18937028858601
89,0.000304576258280667,0.0023031286186047254,0.0,0.007614406457016675,99.98477118708597,0.0,0.007614406457016675
90,0.0001522881291403335,0.001151568491934953,0.0,0.007614406457016675,99.99238559354299,0.0,0.0
91,0.12122135079570548,0.8068917608856955,0.0,0.0,75.33693748572298,0.007614406457016675,24.655448107819996
92,0.0021320338079646693,0.012845514022317811,0.0,0.0913728774842001,0.007614406457016675,0.007614406457016675,99.89339830960176
93,0.0,0.0,0.0,0.0,100.0,0.0,0.0
94,0.003959491357648671,0.022558298742897356,0.0,0.01522881291403335,99.79441102566055,0.007614406457016675,0.1827457549684002
95,0.0001522881291403335,0.001151568491934953,0.0,0.0,99.99238559354299,0.007614406457016675,0.0
96,0.0,0.0,0.0,0.0,0.0,100.0,0.0
97,0.0,0.0,0.0,0.0,0.0,100.0,0.0
98,0.0021320338079646693,0.015549731278634103,0.0,0.053300845199116736,0.07614406457016676,0.0,99.87055509023072
99,0.0001522881291403335,0.001151568491934953,0.0,99.99238559354299,0.0,0.007614406457016675,0.0
100,0.04439198964440722,0.1778241579101833,0.0,0.007614406457016675,97.36541536587224,0.01522881291403335,2.6117414147567195
101,0.08322546257519227,0.4281011697049846,0.0,91.29673341962994,0.0,8.688037767456027,0.01522881291403335
102,0.0004568643874210005,0.0030926239183833204,0.0,0.0,99.97715678062895,0.0,0.022843219371050025
103,0.22013249067235208,0.7706987785679443,0.0,0.10660169039823347,21.937105002665042,0.0,77.95629330693671
104,0.0038072032285083376,0.019946649113081593,0.0,0.19036016142541687,0.0,0.0,99.80963983857458
105,0.000609152516561334,0.003997071257038247,0.0,0.0304576258280667,0.0,99.96954237417194,0.0
106,0.31135308002741185,1.0661523062862583,0.0,0.7233686134165842,0.14467372268331682,52.62316302444224,46.508794639457854
107,0.0,0.0,0.0,100.0,0.0,0.0,0.0
108,0.003654915099368004,0.019256509365799125,0.0,99.81725424503159,0.0,0.1827457549684002,0.0
109,0.26323003121906646,0.9628124268943242,0.0,61.30358638544126,0.0,38.69641361455874,0.0
110,0.004340211680499505,0.024000518578656826,0.0,0.23604660016751694,0.0,0.0,99.76395339983249
111,0.27198659864463565,0.9751419873000557,0.0,59.75786187466687,0.022843219371050025,40.21929490596208,0.0
112,0.04127008299703038,0.16635200526610017,0.0,97.5786187466687,0.022843219371050025,2.3985380339602527,0.0
113,0.2825706236198888,1.041067286910565,0.0,0.7842838650727176,40.24975253179014,58.88981953856697,0.07614406457016676
114,0.0035026269702276708,0.01971315864836948,0.0,0.0,99.81725424503159,0.007614406457016675,0.17513134851138354
115,0.009670296200411177,0.050265860429007894,0.0,0.281733038909617,99.51267798675093,0.022843219371050025,0.1827457549684002
116,0.003959491357648671,0.0241292580873709,0.0,0.1827457549684002,0.03807203228508338,99.77918221274652,0.0
117,0.31021091905885934,0.9972202165407559,0.0,0.0,53.1028706312343,0.0,46.897129368765704
118,0.03845275260793421,0.17149278959977796,0.0,97.52531790146958,0.03807203228508338,2.421381253331303,0.01522881291403335
119,0.008223558973578009,0.04068667777739529,0.0,0.38833472930785046,0.0304576258280667,99.58120764486408,0.0
120,0.0035026269702276708,0.019256509365799125,0.0,99.81725424503159,0.0,0.1827457549684002,0.0
121,0.012335338460367015,0.059219097822114805,0.0,0.09898728394121678,0.5330084519911673,0.0,99.36800426406761
122,0.27472778496916167,0.9766765582026791,0.0,39.42739663443234,0.0304576258280667,0.04568643874210005,60.496459300997486
123,0.0022843219371050027,0.012810350789459553,0.0,99.88578390314476,0.0,0.11421609685525014,0.0
124,0.26300159902535597,0.9900625018132324,0.0,61.143683849843896,38.57458311124648,0.2208177872534836,0.0609152516561334
125,0.23604660016751694,0.9517694003514916,0.0,36.87657047133176,0.0,63.1082007157542,0.01522881291403335
126,0.2641437599939085,0.965393011817515,0.0,60.907637249676384,0.0,39.09236275032361,0.0
127,0.06929109875885174,0.42294965707385596,0.0,92.9186019949745,5.97730906875809,0.33503388410873375,0.7690550521586842
128,0.2723673189674865,1.0517468665905123,0.0,1.271605878321785,38.475595827305256,0.007614406457016675,60.24518388791593
129,0.0007614406457016675,0.005243414210521622,0.0,0.022843219371050025,99.96192796771491,0.01522881291403335,0.0
130,0.10302291936343562,0.46196534714416027,0.0,9.411406380872611,0.10660169039823347,90.48199192872916,0.0
131,0.3084596055737455,0.9985547101964755,0.0,53.44551892180005,0.01522881291403335,46.53925226528592,0.0
132,0.004720932003350339,0.025151827450695347,0.0,0.23604660016751694,0.007614406457016675,99.75633899337546,0.0
133,0.06053453133328257,0.35838154215819235,0.0,0.08375847102718344,93.45922485342267,0.03807203228508338,6.418944643265058
134,0.0,0.0,0.0,0.0,0.0,100.0,0.0
135,0.0,0.0,0.0,100.0,0.0,0.0,0.0
136,0.005025508261631006,0.025977708626442105,0.0,0.0,99.74111018046143,0.0,0.25888981953856693
137,0.039138049189065716,0.17827010629354878,0.0,2.5660549760146196,0.0304576258280667,97.38825858524328,0.01522881291403335
138,0.0022843219371050027,0.014013025245178277,0.0,0.022843219371050025,0.08375847102718344,0.007614406457016675,99.88578390314476
139,0.01126932155638468,0.06778599529138868,0.0,0.03807203228508338,0.7385974263306175,0.0,99.2233305413843
140,0.0,0.0,0.0,0.0,0.0,0.0,100.0
141,0.0001522881291403335,0.001151568491934953,0.0,0.007614406457016675,0.0,0.0,99.99238559354299
142,0.059925378816721234,0.3708578791594287,0.0,93.48968247925075,0.21320338079646695,0.14467372268331682,6.1524404172694735
143,0.0004568643874210005,0.0030926239183833204,0.0,0.0,99.97715678062895,0.0,0.022843219371050025
144,0.0,0.0,0.0,0.0,100.0,0.0,0.0
145,0.02436610066245336,0.10773736165657995,0.0,0.0,1.4238940074621182,0.0,98.57610599253788
146,0.0019797456788243355,0.012188246439696357,0.0,0.06852965811315008,0.0304576258280667,0.0,99.90101271605877
147,0.0001522881291403335,0.001151568491934953,0.0,0.0,99.99238559354299,0.007614406457016675,0.0
148,0.2143455417650194,0.9728748299242154,0.0,1.1802330008375848,68.46874286149395,0.007614406457016675,30.34340973121145
149,0.0001522881291403335,0.001151568491934953,0.0,0.0,0.007614406457016675,99.99238559354299,0.0
150,0.0,0.0,0.0,100.0,0.0,0.0,0.0
151,0.04340211680499505,0.18940699896257618,0.0,0.0,97.09891113987665,0.0,2.9010888601233535
152,0.013096779106068683,0.06026995202938307,0.0,0.6852965811315008,0.007614406457016675,0.0,99.30708901241148
153,0.0004568643874210005,0.003997071257038247,0.0,0.0,0.0,99.96954237417194,0.0304576258280667
154,0.0031980507119470035,0.01882488213291383,0.0,0.14467372268331682,0.022843219371050025,99.83248305794564,0.0
155,0.01340135536434935,0.07094041998879165,0.0,0.15990253559735018,0.06852965811315008,0.5025508261631005,99.2690169801264
156,0.0,0.0,0.0,0.0,100.0,0.0,0.0
157,0.26810325135155716,1.3551054824046955,0.0,21.152821137592326,61.26551435315617,0.07614406457016676,17.505520444681338
158,0.000913728774842001,0.006185172537909997,0.0,0.022843219371050025,0.022843219371050025,0.0,99.9543135612579
159,0.0007614406457016675,0.005395702339661955,0.0,0.022843219371050025,0.007614406457016675,99.96192796771491,0.007614406457016675
160,0.0045686438742100054,0.024405832370810378,0.0,0.022843219371050025,0.20558897433945023,0.0,99.7715678062895
161,0.036092286606259044,0.1448667945365525,0.0,2.040660930480469,0.0,0.007614406457016675,97.9517246630625
162,0.0001522881291403335,0.001151568491934953,0.0,0.0,0.0,99.99238559354299,0.007614406457016675
163,0.021015761821366025,0.10989312685947145,0.0,98.56849158608087,0.022843219371050025,1.408665194548085,0.0
164,0.001218305033122668,0.00886747132314162,0.0,0.053300845199116736,0.007614406457016675,99.93147034188685,0.007614406457016675
165,0.0001522881291403335,0.001151568491934953,0.0,99.99238559354299,0.0,0.007614406457016675,0.0
166,0.009137287748420011,0.0449530479463338,0.0,0.01522881291403335,99.53552120612198,0.022843219371050025,0.4264067615929339
167,0.0004568643874210005,0.0030926239183833204,0.0,0.022843219371050025,0.0,0.0,99.97715678062895
168,0.0,0.0,0.0,100.0,0.0,0.0,0.0
169,0.268940836061829,0.9701382945956157,0.0,39.24465087946395,0.0304576258280667,60.72489149470799,0.0
170,0.0001522881291403335,0.001151568491934953,0.0,99.99238559354299,0.0,0.007614406457016675,0.0
171,0.3057945633137897,1.000258134223437,0.0,48.313408969770805,0.0,51.67897662377218,0.007614406457016675
172,0.015533389172314019,0.0970622392457243,0.0,1.2030762202086347,0.022843219371050025,98.77408056042032,0.0
173,0.001218305033122668,0.007384856122684278,0.0,0.0,99.93908474834386,0.0609152516561334,0.0
174,0.0022843219371050027,0.015011681754966626,0.0,0.0,0.0,0.13705931622630016,99.8629406837737
175,0.06373258204522958,0.3741656029298814,0.0,0.3426482905657504,6.358029391608924,0.0,93.29932231782533
176,0.2607934211528211,0.9682672625228016,0.0,0.06852965811315008,38.36137973045001,0.0,61.57009061143683
177,0.0,0.0,0.0,0.0,100.0,0.0,0.0
178,0.014162796010051017,0.0734694935286747,0.0,99.10911444452904,0.0,0.8908855554709512,0.0
179,0.001522881291403335,0.009656908043757654,0.0,99.92385593542983,0.0,0.022843219371050025,0.053300845199116736
180,0.30769816492804386,1.0000260236070946,0.0,45.13820147719485,0.0609152516561334,54.80088327114901,0.0
181,0.28021015761821366,0.9810072537098964,0.0,41.308155029315465,0.022843219371050025,58.66900175131349,0.0
182,0.002436610066245336,0.013550871549697039,0.0,0.1218305033122668,0.0,99.87816949668773,0.0
183,0.0010660169039823347,0.006564459849476551,0.0,0.053300845199116736,0.0,99.94669915480088,0.0
184,0.029696185182365036,0.1186249547520273,0.0,98.41620345694054,0.01522881291403335,1.5685677301454353,0.0
185,0.0013705931622630017,0.008536357674653324,0.0,99.93147034188685,0.0,0.007614406457016675,0.0609152516561334
186,0.001218305033122668,0.007384856122684278,0.0,0.0609152516561334,0.0,99.93908474834386,0.0
187,0.006548389553034341,0.032370145851496605,0.0,99.66496611589126,0.0,0.33503388410873375,0.0
188,0.013705931622630016,0.07258601734334261,0.0,0.8071270844437676,0.03807203228508338,99.15480088327115,0.0
189,0.0001522881291403335,0.001151568491934953,0.0,0.0,0.0,99.99238559354299,0.007614406457016675
190,0.016142541688875352,0.07862673059237901,0.0,0.8071270844437676,0.08375847102718344,0.007614406457016675,99.10150003807203
191,0.001522881291403335,0.009866676375605935,0.0,99.92385593542983,0.01522881291403335,0.053300845199116736,0.007614406457016675
192,0.07028097159826392,0.3853391371310724,0.0,92.6444833625219,0.0304576258280667,7.286986979364958,0.03807203228508338
193,0.3051092667326582,1.0089210797390205,0.0,0.11421609685525014,46.303205665118405,0.007614406457016675,53.574963831569335
194,0.0028934744536663367,0.016447996273069473,0.0,99.84771187085967,0.0,0.15228812914033352,0.0
195,0.001522881291403335,0.009535562727117638,0.0,0.0609152516561334,0.01522881291403335,0.0,99.92385593542983
196,0.2646006243813295,0.9763775033573094,0.0,0.13705931622630016,61.394959262925454,0.007614406457016675,38.46036701439123
197,0.006852965811315008,0.035461663658634665,0.0,0.33503388410873375,0.022843219371050025,0.0,99.64212289652022
198,0.0001522881291403335,0.001151568491934953,0.0,0.007614406457016675,99.99238559354299,0.0,0.0
199,0.27206274270920583,0.9974111568096886,0.007614406457016675,0.1218305033122668,42.25995583644255,0.007614406457016675,57.60298484733115
200,0.012944490976928348,0.06281644566477312,0.007614406457016675,0.586309297190284,0.08375847102718344,99.32231782532551,0.0
201,0.001218305033122668,0.008191476458405643,0.0,0.06852965811315008,0.0,99.93147034188685,0.0
202,0.26262087870250517,0.9691961720533272,0.0,0.03807203228508338,61.646234676007005,0.03807203228508338,38.27762125942283
203,0.04203152364273205,0.1710355747386474,0.0,0.15228812914033352,2.2386354983629024,0.0,97.60907637249676
204,0.0007614406457016675,0.005243414210521622,0.0,0.01522881291403335,99.96192796771491,0.0,0.022843219371050025
205,0.3247544353917612,1.3319329480745266,0.0,53.06479859894922,0.21320338079646695,8.284474225234142,38.43752379502018
206,0.0595446584938704,0.35219692132652586,0.0,6.502703114292241,0.0304576258280667,93.45922485342267,0.007614406457016675
207,0.0007614406457016675,0.0048737535867286325,0.0,99.96192796771491,0.0,0.03807203228508338,0.0
208,0.07020482753369375,0.7022906035391376,0.0,0.09898728394121678,17.74918145130587,0.15990253559735018,81.99192872915556
209,0.008832711490139344,0.043354258336494506,0.0,99.55075001903602,0.022843219371050025,0.41879235513591717,0.007614406457016675
210,0.0007614406457016675,0.0048737535867286325,0.0,0.0,99.96192796771491,0.0,0.03807203228508338
211,0.006243813294753674,0.033855887132892705,0.0,0.0609152516561334,0.25127541308155027,0.007614406457016675,99.68019492880529
212,0.13363283332064266,0.8701000298169576,0.0,73.50186552958196,0.0,25.995583644254932,0.5025508261631005
213,0.014162796010051017,0.07191239546308084,0.0,99.1319576639001,0.0,0.868042336099901,0.0
214,0.00868042336099901,0.053296030585426896,0.0,99.41369070280972,0.0,0.563466077819234,0.022843219371050025
215,0.37318206045838725,1.4781789545143564,0.0,47.13317596893322,16.614634889210386,36.19888829665728,0.053300845199116736
216,0.0035026269702276708,0.0206888237132735,0.0,0.08375847102718344,0.08375847102718344,0.007614406457016675,99.82486865148861
217,0.016523262011726186,0.09548525427721494,0.0,98.98728394121679,0.6091525165613341,0.21320338079646695,0.19036016142541687
218,0.0031980507119470035,0.01900815025380243,0.0,0.0304576258280667,0.13705931622630016,99.83248305794564,0.0
219,0.000609152516561334,0.004244167312610968,0.0,0.007614406457016675,0.0,0.022843219371050025,99.96954237417194
220,0.05764105687961624,0.3358304150894883,0.0,0.3274194776517171,5.42907180385289,0.0,94.24350871849539
221,0.000304576258280667,0.002150840489464392,0.0,99.98477118708597,0.0,0.0,0.01522881291403335
222,0.00038072032285083377,0.0030926239183833204,0.0,0.0,0.022843219371050025,0.0,99.97715678062895
223,0.3089164699611665,1.0389107941337767,0.0,0.053300845199116736,46.22706160054824,0.4416355745069672,53.27800197974568
224,0.06411330236808041,0.3670158203520544,0.0,0.07614406457016676,6.7615929338308085,0.007614406457016675,93.154648595142
225,0.3207949440341125,1.3022925048172054,0.0,53.460747734714076,38.71164242747278,7.81238102489911,0.01522881291403335
226,0.005177796390771339,0.029810255130697513,0.0,0.0304576258280667,99.71826696109038,0.007614406457016675,0.2436610066245336
227,0.007918982715297342,0.04064580488158656,0.0,0.31980507119470036,0.0609152516561334,99.60405086423513,0.01522881291403335
228,0.10256605497601462,0.40670033352522383,0.0,0.7005253940455342,92.83484352394731,0.01522881291403335,6.449402269093124
229,0.02893474453666337,0.15345926074651348,0.007614406457016675,0.868042336099901,98.20300007614406,0.8071270844437676,0.11421609685525014
230,0.0001522881291403335,0.001151568491934953,0.007614406457016675,0.0,0.0,99.99238559354299,0.0
231,0.0,0.0,0.0,0.0,0.0,100.0,0.0
232,0.2656666412853118,0.96516244107051,0.0,61.105611817558824,0.007614406457016675,38.88677377598416,0.0
233,0.0010660169039823347,0.007024510407609987,0.0,99.94669915480088,0.0,0.03807203228508338,0.01522881291403335
234,0.0021320338079646693,0.01206249270958252,0.0,99.89339830960176,0.0,0.10660169039823347,0.0
235,0.26871240386811845,0.9700244767677897,0.0,39.48069747963146,0.007614406457016675,60.50407370745451,0.007614406457016675
236,0.0010660169039823347,0.006564459849476551,0.0,0.053300845199116736,0.0,0.0,99.94669915480088
237,0.000913728774842001,0.006025280245965287,0.0,99.9543135612579,0.007614406457016675,0.03807203228508338,0.0
238,0.054366862103099066,0.4176793083869062,0.0,92.5150384527526,0.6852965811315008,6.7920505596588745,0.007614406457016675
239,0.004416355745069672,0.02474080684830877,0.0,99.77918221274652,0.007614406457016675,0.16751694205436687,0.04568643874210005
240,0.0031980507119470035,0.017883257777311437,0.0,0.0,99.84009746440266,0.01522881291403335,0.14467372268331682
241,0.32528744384375236,1.3322461969920147,0.0,8.604279296428844,49.60785806746364,0.0,41.78786263610751
242,0.06639762430518541,0.2772219164461398,0.0,4.7361608162643725,0.01522881291403335,95.2486103708216,0.0
243,0.000304576258280667,0.002150840489464392,0.0,0.0,99.98477118708597,0.0,0.01522881291403335
244,0.2722911749029163,0.9833641344980509,0.0,59.52942968095637,0.08375847102718344,40.37919744155943,0.007614406457016675
245,0.002436610066245336,0.013550871549697039,0.0,0.1218305033122668,0.0,99.87816949668773,0.0
246,0.0022843219371050027,0.014702306120884679,0.0,99.87055509023072,0.007614406457016675,0.1218305033122668,0.0
247,0.08002741186324526,0.40944668418545305,0.0,91.8754283103632,0.0,8.094114063808727,0.0304576258280667
248,0.28249447955531864,1.108879142611999,0.0,59.415213584101124,38.43752379502018,0.33503388410873375,1.8122287367699688
249,0.3076220208634737,1.0009361616670296,0.0,53.20947232163253,0.022843219371050025,46.760070052539405,0.007614406457016675
250,0.017056270463717355,0.07930341219613496,0.0,0.8223558973578009,0.0913728774842001,99.086271225158,0.0
251,0.0028934744536663367,0.017586478995714066,0.0,99.84771187085967,0.01522881291403335,0.12944490976928347,0.007614406457016675
252,0.0007614406457016675,0.0048737535867286325,0.0,0.0,99.96192796771491,0.0,0.03807203228508338
253,0.06312342952866824,0.6753326661915663,0.0,0.0609152516561334,82.47925074240463,0.0,17.459834005939236
254,0.263915327800198,0.9750224653269014,0.0,0.04568643874210005,39.29795172466306,0.022843219371050025,60.63351861722379
255,0.000304576258280667,0.0023031286186047254,0.0,0.007614406457016675,99.98477118708597,0.0,0.007614406457016675
256,0.026650422599558365,0.12655970487876556,0.0,1.1878474072946015,0.3502626970227671,98.46188989568263,0.0
257,0.0286301682783827,0.13366384802533557,0.0,98.14969923094495,0.0,1.8426863625980356,0.007614406457016675
258,0.012030762202086348,0.05990362897068636,0.0,99.34516104469657,0.007614406457016675,0.6015381101043173,0.04568643874210005
259,0.05756491281504607,0.4360921528988519,0.0,91.41856392294221,0.15990253559735018,8.398690322089394,0.022843219371050025
260,0.009746440264981344,0.04734049134141724,0.0,0.5101652326201173,0.0,99.48222036092287,0.007614406457016675
261,0.17528363664052388,0.696946621137573,0.0,81.21525927053986,0.0,18.78474072946014,0.0
262,0.2732049036777583,0.9959764660331233,0.0,60.275641513744006,0.26650422599558365,39.42739663443234,0.0304576258280667
263,0.001827457549684002,0.010542586261867368,0.0,0.0913728774842001,0.0,99.90862712251581,0.0
264,0.001827457549684002,0.010542586261867368,0.0,99.90862712251581,0.0,0.0913728774842001,0.0
265,0.029848473311505367,0.13849330989767233,0.0,98.09639838574583,0.007614406457016675,1.873143988426102,0.022843219371050025
266,0.0070052539404553416,0.03774465773036846,0.0,0.20558897433945023,99.64973730297724,0.01522881291403335,0.12944490976928347
267,0.003654915099368004,0.023686740002962395,0.0,0.07614406457016676,0.1218305033122668,0.007614406457016675,99.79441102566055
268,0.0001522881291403335,0.001151568491934953,99.99238559354299,0.0,0.007614406457016675,0.0,0.0
269,0.0001522881291403335,0.001151568491934953,99.99238559354299,0.0,0.0,0.007614406457016675,0.0
270,0.0001522881291403335,0.001151568491934953,99.99238559354299,0.007614406457016675,0.0,0.0,0.0
271,0.3106677834462804,1.0549003515261492,0.0,0.8071270844437676,54.06228584481839,0.007614406457016675,45.122972664280816
272,0.26505748876875046,0.9749897004787014,0.0,39.046676311581514,0.0913728774842001,60.86195081093428,0.0
273,0.261174141475672,0.9679333139193318,0.0,61.410188075839486,0.053300845199116736,38.5365110789614,0.0
274,0.26155486179852283,0.9647826686439966,0.0,0.007614406457016675,61.45587451458159,0.01522881291403335,38.521282266047365
275,0.00563466077819234,0.030360580161914168,0.0,0.29696185182365037,0.0,99.69542374171934,0.007614406457016675
276,0.0019797456788243355,0.0122879985195035,0.0,99.90101271605877,0.007614406457016675,0.07614406457016676,0.01522881291403335
277,0.05619431965278306,0.21408902049918935,0.0,3.0381481763496536,0.16751694205436687,96.79433488159597,0.0
278,0.27175816645092515,0.9718419528769285,0.0,39.518769511916545,0.0304576258280667,60.450772862255384,0.0
279,0.00304576258280667,0.017870471039498303,0.0,0.09898728394121678,0.053300845199116736,0.0,99.84771187085967
280,0.004264067615929339,0.02498718436726794,0.0,99.78679661920353,0.053300845199116736,0.1218305033122668,0.03807203228508338
281,0.046600167516942057,0.22071586337042748,0.0,0.10660169039823347,3.2894235894312036,0.0,96.60397472017056
282,0.0019797456788243355,0.012072170692187831,0.0,0.007614406457016675,99.90101271605877,0.007614406457016675,0.08375847102718344
283,0.026117414147567197,0.11627500898071726,0.0,0.868042336099901,98.65225005710805,0.007614406457016675,0.4720932003350339
284,0.001218305033122668,0.007879048233829717,0.0,99.93908474834386,0.0,0.04568643874210005,0.01522881291403335
285,0.26102185334653166,0.9607470114493748,0.0,61.91273890200259,0.007614406457016675,38.07203228508338,0.007614406457016675
286,0.0070052539404553416,0.038141271366374185,0.0,99.61927967714917,0.007614406457016675,0.3426482905657504,0.0304576258280667
287,0.0022843219371050027,0.014408897843422164,0.0,99.88578390314476,0.01522881291403335,0.03807203228508338,0.0609152516561334
288,0.016751694205436686,0.09230341857421212,0.9594152135841012,0.022843219371050025,98.92636868956065,0.01522881291403335,0.07614406457016676
289,0.018579151755120687,0.10091908232994948,0.9670296200411177,0.1827457549684002,0.022843219371050025,98.82738140561943,0.0
290,0.07058554785654458,0.3388466837213777,0.9594152135841012,94.76890276402953,0.08375847102718344,4.1803091449021546,0.007614406457016675
291,0.023833092210462193,0.1347370064659266,0.9594152135841012,0.08375847102718344,0.03807203228508338,0.45686438742100055,98.46188989568263
292,0.287215411558669,1.1311808581006932,0.9594152135841012,38.75732886621488,1.2868346912358182,0.0609152516561334,58.93550597730906
293,0.020025888981953857,0.10889840821319803,0.9594152135841012,98.75885174750628,0.0609152516561334,0.20558897433945023,0.01522881291403335
294,0.017817711109419022,0.09809982755879734,0.9594152135841012,0.01522881291403335,98.86545343790452,0.01522881291403335,0.14467372268331682
295,0.28051473387649434,1.0605157160807765,0.9594152135841012,0.1218305033122668,39.57207035711566,59.2705398614178,0.07614406457016676
296,0.015685677301454353,0.08579795502278544,0.9594152135841012,0.053300845199116736,0.0,98.97966953475976,0.007614406457016675
297,0.3147034188684992,1.0677262254830453,0.9594152135841012,0.0,47.89461661463489,0.0,51.14596817178101
298,0.286301682783827,1.1310468081682834,0.9594152135841012,38.54412548541841,1.294449097692835,0.06852965811315008,59.133480545191496
299,0.014924236655752684,0.08138967488910284,0.9594152135841012,0.01522881291403335,99.01774156704485,0.007614406457016675,0.0
300,0.014467372268331684,0.07809046009833337,0.9594152135841012,0.0,0.0,0.0,99.04058478641589
301,0.286301682783827,1.618271169908299,0.9594152135841012,37.33343485875276,38.59742633061753,0.04568643874210005,23.06403715830351
302,0.31477956293306936,1.0697317678786185,0.9594152135841012,53.54450620574126,0.053300845199116736,45.442777735475524,0.0
303,0.2711490139343638,0.9870138468927862,0.0,0.15228812914033352,40.12792202847788,0.0,59.719789842381786
304,0.04294525241757405,0.18239399551727656,0.0,97.31972892713013,0.022843219371050025,2.626970227670753,0.0304576258280667
305,0.0022843219371050027,0.013213944029794688,0.0,0.007614406457016675,0.10660169039823347,0.0,99.88578390314476
306,0.0558897433945024,0.34496577624817326,0.0,0.007614406457016675,6.38848701743699,0.007614406457016675,93.59628416964898
307,0.03175207492575954,0.16988195570848144,0.0,0.8756567425569177,98.00502550826164,0.8451991167288511,0.2741186324526003
308,0.27061600548237263,0.9803314806739797,0.0,39.34363816340517,0.12944490976928347,60.52691692682556,0.0
309,0.0045686438742100054,0.02528058372760872,0.0,0.03807203228508338,0.1827457549684002,0.007614406457016675,99.7715678062895
310,0.025279829437295363,0.12484817011682078,0.0,0.22843219371050028,98.61417802482296,0.7842838650727176,0.37310591639381707
311,0.013858219751770349,0.07238755033834808,0.0,0.022843219371050025,99.14718647681413,0.0,0.8299703038148176
312,0.009137287748420011,0.0426833293402311,0.0,0.0,0.46447879387801716,0.0,99.53552120612198
313,0.0577172009441864,0.2284256182247144,0.0,3.167593086118937,0.2436610066245336,96.58113150079951,0.007614406457016675
314,0.009441864006700678,0.04867597318140953,0.0,0.37310591639381707,0.10660169039823347,0.007614406457016675,99.51267798675093
315,0.018883728013401355,0.084321305440588,0.0,0.9670296200411177,0.04568643874210005,98.98728394121679,0.0
316,0.34569405314855706,1.6614138052415015,0.0,53.20185791517551,23.833092210462194,6.43417345617909,16.5308764181832
317,0.00022843219371050026,0.0030926239183833204,0.0,0.0,99.97715678062895,0.0,0.022843219371050025
318,0.0001522881291403335,0.001151568491934953,0.0,99.99238559354299,0.0,0.007614406457016675,0.0
319,0.013096779106068683,0.06877171630929338,0.0,0.0,0.8223558973578009,0.0,99.1776441026422
320,0.1188608847940303,0.813246181572984,0.0,75.94609000228432,0.09898728394121678,0.08375847102718344,23.871164242747277
321,0.0001522881291403335,0.001151568491934953,0.0,0.0,99.99238559354299,0.0,0.007614406457016675
322,0.2636107515419173,1.0079484694860583,0.0,61.38734485646844,38.06441787862636,0.1218305033122668,0.4264067615929339
323,0.265742785349882,1.004975628570886,0.0,61.05992537881673,38.42990938856316,0.4873220132490672,0.022843219371050025
324,0.003959491357648671,0.022889524288595312,0.0,0.04568643874210005,0.13705931622630016,0.01522881291403335,99.80202543211757
325,0.008832711490139344,0.04714307717957536,0.0,0.22843219371050028,99.54313561257901,0.007614406457016675,0.2208177872534836
326,0.000609152516561334,0.003997071257038247,0.0,0.0304576258280667,0.0,99.96954237417194,0.0
327,0.0019797456788243355,0.01130677295131949,0.0,99.90101271605877,0.0,0.09898728394121678,0.0
328,0.013172923170638848,0.09232260119787383,0.0,0.06852965811315008,1.0507880910683012,0.0,98.88068225081855
329,0.0004568643874210005,0.0033023922502316014,0.0,99.97715678062895,0.01522881291403335,0.0,0.007614406457016675
330,0.0001522881291403335,0.001151568491934953,0.0,0.0,99.99238559354299,0.0,0.007614406457016675
331,0.017817711109419022,0.08926094844921667,0.0,1.1117033427244345,0.007614406457016675,98.88068225081855,0.0
332,0.003959491357648671,0.022105700479724873,0.0,99.80202543211757,0.022843219371050025,0.16751694205436687,0.007614406457016675
333,0.0025888981953856695,0.01740633716892572,0.007614406457016675,0.0609152516561334,0.0304576258280667,0.03807203228508338,99.8629406837737
334,0.2620117261859438,0.9660544642873626,0.0,0.01522881291403335,61.26551435315617,0.007614406457016675,38.71164242747278
335,0.3102870631234295,1.2405784641810167,0.0,54.2450315997868,0.04568643874210005,5.436686210309906,40.27259575116119
336,0.007157542069595675,0.03608604334008176,0.0,0.0,99.6345084900632,0.022843219371050025,0.3426482905657504
337,0.273052615548618,0.9772794258976278,0.0,0.0609152516561334,60.50407370745451,0.022843219371050025,39.41216782151831
338,0.0010660169039823347,0.006564459849476551,0.0,0.053300845199116736,0.0,99.94669915480088,0.0
339,0.0013705931622630017,0.008191476458405643,0.0,99.93147034188685,0.0,0.06852965811315008,0.0
340,0.07667707302215793,0.4157124531691295,0.0,8.13218609609381,0.07614406457016676,91.79166983933602,0.0
341,0.002436610066245336,0.013550871549697039,0.0,0.1218305033122668,0.0,99.87816949668773,0.0
342,0.0001522881291403335,0.001151568491934953,0.0,99.99238559354299,0.0,0.007614406457016675,0.0
343,0.012335338460367015,0.06484291363799558,0.0,99.2690169801264,0.0,0.6852965811315008,0.04568643874210005
344,0.3309982486865149,1.220742010520296,0.0,46.69915480088327,48.76265895073479,0.0,4.538186248381939
345,0.000304576258280667,0.0023031286186047254,0.0,0.007614406457016675,99.98477118708597,0.007614406457016675,0.0
346,0.007766694586157009,0.04458338732254081,0.0,0.4264067615929339,0.03807203228508338,99.53552120612198,0.0
347,0.027107286986979364,0.12178405553140016,0.0,1.4695804462042183,98.43904667631158,0.022843219371050025,0.06852965811315008
348,0.000304576258280667,0.002150840489464392,0.0,0.0,0.01522881291403335,0.0,99.98477118708597
349,0.0022843219371050027,0.014228853072493945,0.0,99.88578390314476,0.022843219371050025,0.07614406457016676,0.01522881291403335
350,0.26033655676540013,0.9615378445355448,0.0,61.493946546866674,0.0,0.0,38.506053453133326
351,0.0019797456788243355,0.01206249270958252,0.0,0.10660169039823347,0.0,99.89339830960176,0.0
352,0.06814893779029925,0.39373903596177723,0.0,92.2866062590421,0.007614406457016675,7.698164928043859,0.007614406457016675
353,0.3106677834462804,1.0023771411993905,0.0,53.30084519911673,0.007614406457016675,46.65346836214117,0.03807203228508338
354,0.005330084519911673,0.02887297386793155,0.0,99.7258813675474,0.0,0.23604660016751694,0.03807203228508338
355,0.017056270463717355,0.08877031220124515,0.0,0.12944490976928347,0.9061143683849844,0.0,98.96444072184573
356,0.000304576258280667,0.002150840489464392,0.0,0.0,99.98477118708597,0.0,0.01522881291403335
357,0.0010660169039823347,0.006879826441274029,0.0,0.007614406457016675,0.04568643874210005,99.94669915480088,0.0
358,0.001218305033122668,0.007715969771172573,0.0,0.0,0.053300845199116736,99.93908474834386,0.007614406457016675
359,0.0038072032285083376,0.02253538921522403,0.0,0.0,99.80202543211757,0.07614406457016676,0.1218305033122668
360,0.0021320338079646693,0.013213944029794688,0.0,0.0,99.88578390314476,0.007614406457016675,0.10660169039823347
361,0.015304956978603517,0.08381522971735599,0.0,0.7614406457016675,0.15990253559735018,0.01522881291403335,99.06342800578695
362,0.0007614406457016675,0.005243414210521622,0.0,99.96192796771491,0.022843219371050025,0.01522881291403335,0.0
363,0.0010660169039823347,0.007089594773122309,0.0,0.0,99.94669915480088,0.0304576258280667,0.022843219371050025
364,0.002436610066245336,0.015154765086012989,0.0,0.10660169039823347,0.022843219371050025,99.87055509023072,0.0
365,0.0035026269702276708,0.02029154192886116,0.0,0.07614406457016676,0.09898728394121678,0.0,99.82486865148861
366,0.0,0.0,0.0,0.0,100.0,0.0,0.0
367,0.3280286301682784,1.5024208853434775,0.0,52.97342572146502,21.426939770044925,0.5330084519911673,25.066626056498897
368,0.005025508261631006,0.027754808917971156,0.0,99.73349577400442,0.022843219371050025,0.2436610066245336,0.0
369,0.001218305033122668,0.010971471317016892,0.0,0.022843219371050025,99.91624152897282,0.01522881291403335,0.04568643874210005
370,0.01218305033122668,0.07176511998504789,0.0,0.281733038909617,0.4797076067920506,99.23855935429833,0.0
371,0.0004568643874210005,0.0033023922502316014,0.0,0.0,0.01522881291403335,0.007614406457016675,99.97715678062895
