Position,Mutability,Shannon_entropy,Gap_percentage,A_percentage,T_percentage,G_percentage,C_percentage
1,8.608815426997245e-05,0.0006864019339144249,99.99569559228651,0.0,0.004304407713498623,0.0,0.0
2,8.608815426997245e-05,0.0006864019339144249,99.99569559228651,0.0,0.0,0.004304407713498623,0.0
3,0.00025826446280991736,0.001973109627969215,99.9870867768595,0.0,0.008608815426997245,0.0,0.004304407713498623
4,0.00025826446280991736,0.001854528037827881,99.9870867768595,0.0,0.012913223140495868,0.0,0.0
5,0.00025826446280991736,0.001854528037827881,99.9870867768595,0.0,0.012913223140495868,0.0,0.0
6,0.00025826446280991736,0.0019731096279692146,99.9870867768595,0.004304407713498623,0.0,0.008608815426997245,0.0
7,0.00025826446280991736,0.001854528037827881,99.9870867768595,0.0,0.012913223140495868,0.0,0.0
8,0.00025826446280991736,0.002059197782239187,99.9870867768595,0.004304407713498623,0.0,0.004304407713498623,0.004304407713498623
9,0.00025826446280991736,0.002059197782239187,99.9870867768595,0.004304407713498623,0.004304407713498623,0.004304407713498623,0.0
10,0.00025826446280991736,0.002059197782239187,99.9870867768595,0.004304407713498623,0.0,0.004304407713498623,0.004304407713498623
11,0.0003443526170798898,0.0025409219520079037,99.98278236914601,0.004304407713498623,0.012913223140495868,0.0,0.0
12,8.608815426997245e-05,0.0006864019339144249,99.99569559228651,0.004304407713498623,0.0,0.0,0.0
13,8.608815426997245e-05,0.0006864019339144249,99.99569559228651,0.0,0.004304407713498623,0.0,0.0
14,8.608815426997245e-05,0.0006864019339144249,99.99569559228651,0.0,0.0,0.004304407713498623,0.0
15,8.608815426997245e-05,0.0006864019339144249,99.99569559228651,0.0,0.0,0.004304407713498623,0.0
16,8.608815426997245e-05,0.0006864019339144249,99.99569559228651,0.0,0.0,0.004304407713498623,0.0
17,8.608815426997245e-05,0.0006864019339144249,99.99569559228651,0.0,0.0,0.0,0.004304407713498623
18,8.608815426997245e-05,0.0006864019339144249,99.99569559228651,0.0,0.004304407713498623,0.0,0.0
19,8.608815426997245e-05,0.0006864019339144249,99.99569559228651,0.0,0.004304407713498623,0.0,0.0
20,8.608815426997245e-05,0.0006864019339144249,99.99569559228651,0.0,0.0,0.004304407713498623,0.0
21,8.608815426997245e-05,0.0006864019339144249,99.99569559228651,0.0,0.0,0.0,0.004304407713498623
22,8.608815426997245e-05,0.0006864019339144249,99.99569559228651,0.004304407713498623,0.0,0.0,0.0
23,8.608815426997245e-05,0.0006864019339144249,99.99569559228651,0.0,0.0,0.004304407713498623,0.0
24,8.608815426997245e-05,0.0006864019339144249,99.99569559228651,0.0,0.004304407713498623,0.0,0.0
25,8.608815426997245e-05,0.0006864019339144249,99.99569559228651,0.004304407713498623,0.0,0.0,0.0
26,8.608815426997245e-05,0.0006864019339144249,99.99569559228651,0.0,0.0,0.004304407713498623,0.0
27,8.608815426997245e-05,0.0006864019339144249,99.99569559228651,0.0,0.0,0.0,0.004304407713498623
28,8.608815426997245e-05,0.0006864019339144249,99.99569559228651,0.004304407713498623,0.0,0.0,0.0
29,8.608815426997245e-05,0.0006864019339144249,99.99569559228651,0.004304407713498623,0.0,0.0,0.0
30,8.608815426997245e-05,0.0006864019339144249,99.99569559228651,0.0,0.0,0.004304407713498623,0.0
31,8.608815426997245e-05,0.0006864019339144249,99.99569559228651,0.0,0.004304407713498623,0.0,0.0
32,8.608815426997245e-05,0.0006864019339144249,99.99569559228651,0.0,0.0,0.004304407713498623,0.0
33,8.608815426997245e-05,0.0006864019339144249,99.99569559228651,0.0,0.0,0.004304407713498623,0.0
34,8.608815426997245e-05,0.0006864019339144249,99.99569559228651,0.0,0.0,0.004304407713498623,0.0
35,8.608815426997245e-05,0.0006864019339144249,99.99569559228651,0.0,0.0,0.0,0.004304407713498623
36,8.608815426997245e-05,0.0006864019339144249,99.99569559228651,0.004304407713498623,0.0,0.0,0.0
37,8.608815426997245e-05,0.0006864019339144249,99.99569559228651,0.0,0.0,0.004304407713498623,0.0
38,8.608815426997245e-05,0.0006864019339144249,99.99569559228651,0.004304407713498623,0.0,0.0,0.0
39,8.608815426997245e-05,0.0006864019339144249,99.99569559228651,0.0,0.0,0.0,0.004304407713498623
40,8.608815426997245e-05,0.0006864019339144249,99.99569559228651,0.0,0.004304407713498623,0.0,0.0
41,8.608815426997245e-05,0.0006864019339144249,99.99569559228651,0.0,0.004304407713498623,0.0,0.0
42,8.608815426997245e-05,0.0006864019339144249,99.99569559228651,0.0,0.004304407713498623,0.0,0.0
43,8.608815426997245e-05,0.0006864019339144249,99.99569559228651,0.0,0.0,0.004304407713498623,0.0
44,8.608815426997245e-05,0.0006864019339144249,99.99569559228651,0.004304407713498623,0.0,0.0,0.0
45,8.608815426997245e-05,0.0006864019339144249,99.99569559228651,0.004304407713498623,0.0,0.0,0.0
46,8.608815426997245e-05,0.0006864019339144249,99.99569559228651,0.004304407713498623,0.0,0.0,0.0
47,8.608815426997245e-05,0.0006864019339144249,99.99569559228651,0.0,0.0,0.004304407713498623,0.0
48,8.608815426997245e-05,0.0006864019339144249,99.99569559228651,0.0,0.0,0.004304407713498623,0.0
49,8.608815426997245e-05,0.0006864019339144249,99.99569559228651,0.0,0.0,0.004304407713498623,0.0
50,8.608815426997245e-05,0.0006864019339144249,99.99569559228651,0.004304407713498623,0.0,0.0,0.0
51,8.608815426997245e-05,0.0006864019339144249,99.99569559228651,0.004304407713498623,0.0,0.0,0.0
52,8.608815426997245e-05,0.0006864019339144249,99.99569559228651,0.0,0.0,0.004304407713498623,0.0
53,8.608815426997245e-05,0.0006864019339144249,99.99569559228651,0.0,0.0,0.004304407713498623,0.0
54,8.608815426997245e-05,0.0006864019339144249,99.99569559228651,0.0,0.004304407713498623,0.0,0.0
55,8.608815426997245e-05,0.0006864019339144249,99.99569559228651,0.0,0.004304407713498623,0.0,0.0
56,8.608815426997245e-05,0.0006864019339144249,99.99569559228651,0.0,0.004304407713498623,0.0,0.0
57,0.00025826446280991736,0.001854528037827881,99.9870867768595,0.0,0.012913223140495868,0.0,0.0
58,0.0007747933884297521,0.004949502696424884,99.96126033057851,0.0,0.038739669421487606,0.0,0.0
59,0.0007747933884297521,0.005635880568028508,99.956955922865,0.004304407713498623,0.0,0.038739669421487606,0.0
60,0.0007747933884297521,0.005434005742964251,99.956955922865,0.0,0.04304407713498623,0.0,0.0
61,0.0007747933884297521,0.005635880568028508,99.956955922865,0.038739669421487606,0.0,0.004304407713498623,0.0
62,0.0007747933884297521,0.005434005742964251,99.956955922865,0.04304407713498623,0.0,0.0,0.0
63,0.0007747933884297521,0.005635880568028508,99.956955922865,0.038739669421487606,0.0,0.0,0.004304407713498623
64,0.0007747933884297521,0.005635880568028508,99.956955922865,0.038739669421487606,0.0,0.0,0.004304407713498623
65,0.0006887052341597796,0.005245552995950434,99.96126033057851,0.008608815426997245,0.0,0.0,0.030130853994490357
66,0.0006887052341597796,0.005331641150220406,99.96126033057851,0.004304407713498623,0.004304407713498623,0.030130853994490357,0.0
67,0.0007747933884297521,0.005744753028986704,99.956955922865,0.03443526170798898,0.0,0.0,0.008608815426997245
68,0.0008608815426997245,0.0065986582992967405,99.94834710743802,0.0,0.004304407713498623,0.0,0.04734848484848485
69,0.0008608815426997245,0.007071279774966793,99.94404269972452,0.0,0.0,0.05165289256198347,0.004304407713498623
70,8.608815426997245e-05,0.0006864019339144249,99.99569559228651,0.0,0.0,0.0,0.004304407713498623
71,0.0014634986225895317,0.011002712775826795,99.91391184573003,0.0,0.01721763085399449,0.060261707988980714,0.008608815426997245
72,0.0018078512396694215,0.01301752792102258,99.89238980716253,0.0,0.025826446280991736,0.0,0.08178374655647383
73,0.001893939393939394,0.015089247489668264,99.88378099173553,0.021522038567493115,0.025826446280991736,0.012913223140495868,0.0559573002754821
74,0.0027548209366391185,0.01988313495772879,99.84073691460054,0.06887052341597796,0.03443526170798898,0.04734848484848485,0.008608815426997245
75,0.0055957300275482095,0.03957979559139263,99.6298209366391,0.0,0.24965564738292012,0.09039256198347108,0.030130853994490357
76,0.005940082644628099,0.0447265035802645,99.56095041322314,0.008608815426997245,0.3615702479338843,0.038739669421487606,0.030130853994490357
77,0.09439566115702479,0.3528478705018121,93.4271694214876,6.542699724517906,0.012913223140495868,0.01721763085399449,0.0
78,0.0971504820936639,0.36193208372004176,93.21194903581267,0.004304407713498623,0.021522038567493115,6.749311294765841,0.012913223140495868
79,0.1021866391184573,0.38489718120864314,92.61363636363636,0.012913223140495868,0.030130853994490357,0.004304407713498623,7.339015151515152
80,0.10485537190082644,0.42425557466140873,92.38980716253444,6.882747933884298,0.008608815426997245,0.7102272727272727,0.008608815426997245
81,0.0012913223140495868,0.00859508647485226,99.93543388429752,0.025826446280991736,0.004304407713498623,0.03443526170798898,0.0
82,0.0006026170798898072,0.004137153446016661,99.96986914600551,0.004304407713498623,0.0,0.0,0.025826446280991736
83,0.10618973829201102,0.4138212158975945,92.144455922865,7.631714876033058,0.17217630853994492,0.04304407713498623,0.008608815426997245
84,0.1071797520661157,0.4042905212884252,91.95506198347107,8.040633608815426,0.0,0.004304407713498623,0.0
85,0.10791150137741047,0.41015888620283003,91.9163223140496,8.027720385674932,0.0,0.05165289256198347,0.004304407713498623
86,0.10885847107438017,0.4147378023117534,91.83023415977961,0.01721763085399449,0.0,8.096590909090908,0.0559573002754821
87,0.0007747933884297521,0.005912285776139903,99.95265151515152,0.0,0.0,0.0,0.04734848484848485
88,0.10967630853994491,0.41452766377114014,91.74845041322314,0.012913223140495868,0.0,0.021522038567493115,8.21711432506887
89,0.11075241046831956,0.41969320883627087,91.70110192837465,8.22141873278237,0.004304407713498623,0.012913223140495868,0.060261707988980714
90,0.0006026170798898072,0.003958877384976876,99.96986914600551,0.0,0.0,0.030130853994490357,0.0
91,0.057506887052341596,0.2374259734195583,96.16046831955923,0.030130853994490357,0.0,3.8094008264462813,0.0
92,0.10059400826446281,0.3803960358381161,93.45299586776859,0.6671831955922864,0.004304407713498623,5.87551652892562,0.0
93,0.2919249311294766,0.98224354751882,75.80061983471074,18.978133608815426,0.008608815426997245,5.204028925619834,0.008608815426997245
94,0.28516701101928377,0.8506549309246423,75.49500688705234,0.025826446280991736,0.6714876033057852,23.807679063360883,0.0
95,0.24324207988980717,0.7458259898078007,79.76928374655647,0.09039256198347108,20.015495867768596,0.12482782369146006,0.0
96,0.25348657024793386,0.7498400021704453,78.58987603305785,0.0,21.40581955922865,0.0,0.004304407713498623
97,0.2549931129476584,0.7670684067134432,78.56835399449037,0.008608815426997245,21.233643250688704,0.012913223140495868,0.17648071625344353
98,0.0001721763085399449,0.0012867130404293123,99.991391184573,0.0,0.008608815426997245,0.0,0.0
99,8.608815426997245e-05,0.0006864019339144249,99.99569559228651,0.0,0.004304407713498623,0.0,0.0
100,0.0001721763085399449,0.0013728011946992848,99.991391184573,0.0,0.004304407713498623,0.004304407713498623,0.0
101,0.2646780303030303,0.79533953998085,76.26549586776859,23.69146005509642,0.004304407713498623,0.038739669421487606,0.0
102,0.2643767217630854,0.7946812733828671,76.18801652892562,0.012913223140495868,0.004304407713498623,23.790461432506888,0.004304407713498623
103,0.2744920798898072,0.9188460407804637,76.11053719008265,0.008608815426997245,21.09590220385675,2.7806473829201104,0.004304407713498623
104,0.27827995867768596,0.8537088825103235,74.59108126721763,25.0,0.1678719008264463,0.1893939393939394,0.05165289256198347
105,0.3118973829201102,1.019905104166182,50.43044077134986,49.367252066115704,0.012913223140495868,0.1850895316804408,0.004304407713498623
106,0.3296315426997245,1.0036922305328027,46.34555785123967,53.59418044077135,0.038739669421487606,0.008608815426997245,0.012913223140495868
107,0.4522210743801653,1.5389574982990268,45.68267906336088,26.239669421487605,0.012913223140495868,28.06473829201102,0.0
108,0.0,0.0,0.0,100.0,0.0,0.0,0.0
109,0.0,0.0,0.0,0.0,100.0,0.0,0.0
110,0.0,0.0,0.0,0.0,0.0,100.0,0.0
111,0.0018078512396694215,0.01160950049674897,0.0,99.90530303030303,0.0,0.07317493112947658,0.021522038567493115
112,0.0007747933884297521,0.005423829056990219,0.0,99.96126033057851,0.025826446280991736,0.008608815426997245,0.004304407713498623
113,0.04368973829201102,0.23796454074592865,0.0,0.004304407713498623,96.10451101928375,0.0,3.8911845730027546
114,0.0014634986225895317,0.01020262187093388,0.0,0.03443526170798898,0.03443526170798898,0.008608815426997245,99.92252066115702
115,0.0005165289256198347,0.0036186452441482834,0.0,0.021522038567493115,0.004304407713498623,0.0,99.974173553719
116,0.0015495867768595042,0.01032231535626129,0.0,99.92252066115702,0.021522038567493115,0.021522038567493115,0.03443526170798898
117,0.00025826446280991736,0.001854528037827881,0.0,99.9870867768595,0.012913223140495868,0.0,0.0
118,0.004046143250688705,0.023428114520105292,0.0,99.79338842975206,0.0559573002754821,0.004304407713498623,0.14634986225895316
119,0.2734159779614325,0.9821804358490756,0.0,0.030130853994490357,59.013429752066116,0.01721763085399449,40.9392217630854
120,0.002668732782369146,0.01677105571097563,0.0,0.14204545454545456,0.008608815426997245,0.0,99.84934573002755
121,0.0014634986225895317,0.009891874584911427,0.0,99.92252066115702,0.0,0.04304407713498623,0.03443526170798898
122,0.02431990358126722,0.10949747954000338,0.0,98.56663223140497,0.004304407713498623,1.4204545454545454,0.008608815426997245
123,0.0010330578512396695,0.0068910404823274846,0.0,99.94834710743802,0.0,0.021522038567493115,0.030130853994490357
124,0.004476584022038568,0.024107669734390397,0.0,99.77617079889806,0.01721763085399449,0.20230716253443526,0.004304407713498623
125,0.034392217630854,0.21912882186218935,0.008608815426997245,3.4176997245179064,0.021522038567493115,96.5521694214876,0.0
126,0.0006887052341597796,0.004737448511336173,0.0,99.96556473829202,0.008608815426997245,0.025826446280991736,0.0
127,0.0007747933884297521,0.005851942465783926,0.0,0.01721763085399449,99.956955922865,0.0,0.025826446280991736
128,0.007360537190082644,0.041696797821091404,0.0,99.56955922865014,0.4046143250688705,0.012913223140495868,0.012913223140495868
129,0.007317493112947659,0.04112924267693569,0.0,99.57386363636364,0.008608815426997245,0.012913223140495868,0.4046143250688705
130,0.001119146005509642,0.007071279774966793,0.0,0.004304407713498623,99.94404269972452,0.0,0.05165289256198347
131,0.002238292011019284,0.014796427911437832,0.0,99.88378099173553,0.025826446280991736,0.04304407713498623,0.04734848484848485
132,0.010416666666666666,0.05685775696754186,0.0,99.4016873278237,0.490702479338843,0.10761019283746556,0.0
133,0.010287534435261708,0.05652765743806382,0.0,0.008608815426997245,0.17217630853994492,0.3917011019283746,99.42751377410468
134,0.3317837465564738,1.2382740791343934,0.0,4.21831955922865,0.3271349862258953,47.658402203856745,47.79614325068871
135,0.001119146005509642,0.00766959823785807,0.0,99.94404269972452,0.008608815426997245,0.021522038567493115,0.025826446280991736
136,0.006456611570247934,0.036611747040078996,0.0,0.004304407713498623,99.61690771349862,0.0,0.3787878787878788
137,0.009297520661157025,0.049767045342309135,0.0,0.03443526170798898,99.48347107438018,0.021522038567493115,0.4605716253443526
138,8.608815426997245e-05,0.0012867130404293123,99.991391184573,0.008608815426997245,0.0,0.0,0.0
139,0.009641873278236915,0.05318639558958936,0.0,0.14634986225895316,0.3960055096418733,99.45764462809917,0.0
140,0.0071883608815426995,0.04117774886886563,0.0,0.008608815426997245,0.021522038567493115,99.57816804407713,0.3917011019283746
141,0.3238205922865014,1.3041323303093062,0.0,7.080750688705234,39.96212121212121,0.20230716253443526,52.75482093663911
142,0.008350550964187327,0.04584595588010917,0.0,0.03443526170798898,99.52221074380165,0.4390495867768595,0.004304407713498623
143,0.0037017906336088155,0.022038809103860448,0.0,0.008608815426997245,0.1506542699724518,0.03443526170798898,99.80630165289256
144,0.3107351928374656,1.304753130015963,0.0,6.951618457300275,55.50103305785123,37.09538567493113,0.4519628099173553
145,0.22271005509641872,0.8068964860971732,0.0,24.539428374655646,0.01721763085399449,75.43904958677686,0.004304407713498623
146,0.00981404958677686,0.0554964891416375,0.0,0.004304407713498623,99.41890495867769,0.09039256198347108,0.4863980716253443
147,0.3081525482093664,1.0101989031734049,0.0,0.0559573002754821,52.251205234159784,0.04734848484848485,47.64548898071625
148,0.05457988980716254,0.36781062250529156,0.0,6.095041322314049,93.51325757575758,0.3917011019283746,0.0
149,0.30582816804407714,1.0001395189106481,0.0,0.008608815426997245,0.004304407713498623,47.563705234159784,52.42338154269972
150,0.016227617079889806,0.0825100477850423,0.0,0.06456611570247935,99.04011707988981,0.012913223140495868,0.8824035812672177
151,0.30711949035812675,1.0164641128238396,0.0,47.83918732782369,0.05165289256198347,0.11621900826446281,51.99294077134986
152,0.0006026170798898072,0.004137153446016661,0.0,0.0,99.96986914600551,0.004304407713498623,0.025826446280991736
153,0.3245953856749311,1.2951826364600676,0.0,6.547004132231404,0.23674242424242425,41.04683195592286,52.16942148760331
154,0.054321625344352614,0.3631475369371156,0.0,93.1301652892562,0.021522038567493115,6.848312672176308,0.0
155,0.02225378787878788,0.10273699949710079,0.0,0.0,1.2956267217630855,0.021522038567493115,98.68285123966942
156,0.3018681129476584,1.1224206674192794,0.0,52.22537878787878,1.9800275482093663,0.04304407713498623,45.75154958677686
157,0.0043474517906336085,0.030287401051778653,0.0,99.73312672176309,0.025826446280991736,0.1291322314049587,0.1119146005509642
158,0.0035296143250688706,0.021258216533428815,0.0,0.008608815426997245,99.80630165289256,0.008608815426997245,0.17648071625344353
159,0.07786673553719008,0.4085298536050271,0.0,0.49931129476584024,92.66098484848484,0.04304407713498623,6.796659779614325
160,0.3086690771349862,1.0106515403219127,0.0,0.12052341597796143,47.17200413223141,52.70316804407713,0.004304407713498623
161,0.3053116391184573,1.0041554336769605,0.0,0.030130853994490357,0.012913223140495868,47.91666666666667,52.04028925619835
162,0.321797520661157,1.1202461679676317,0.0,46.42734159779614,0.525137741046832,1.1751033057851241,51.8724173553719
163,0.014548898071625344,0.07547023797962893,0.0,99.16494490358126,0.04304407713498623,0.7231404958677686,0.06887052341597796
164,0.3068181818181818,0.9981075723553253,0.0,0.0,47.034263085399445,0.004304407713498623,52.96143250688705
165,0.2727703168044077,0.9840862169517574,0.0,59.24586776859504,0.038739669421487606,40.67665289256198,0.038739669421487606
166,0.27638601928374656,0.9866093958773454,0.0,58.410812672176306,0.021522038567493115,41.52892561983471,0.038739669421487606
167,0.2714789944903581,0.977007451084402,0.0,0.004304407713498623,59.142561983471076,0.004304407713498623,40.84882920110193
168,0.32205578512396693,1.1039947147026057,0.0,52.02307162534435,46.36707988980716,0.0559573002754821,1.5538911845730028
169,0.30914256198347106,1.0334482166597474,0.0,47.602444903581265,51.980027548209364,0.4175275482093664,0.0
170,0.27358815426997246,1.0098280416486278,0.0,40.779958677685954,0.012913223140495868,58.832644628099175,0.3744834710743802
171,0.07042011019283746,0.39203802569823504,0.0,0.3701790633608816,6.749311294765841,0.004304407713498623,92.87620523415978
172,0.058582988980716254,0.3722371521479128,0.0,0.030130853994490357,93.45299586776859,0.3744834710743802,6.142389807162534
173,0.0006026170798898072,0.003958877384976876,0.0,0.0,99.96986914600551,0.0,0.030130853994490357
174,0.325068870523416,1.1207234981797014,0.0,47.55079201101928,1.3042355371900827,0.4089187327823691,50.73605371900827
175,0.3208935950413223,1.2572247013039488,0.0,47.456095041322314,47.05578512396694,0.06887052341597796,5.419249311294766
176,0.0018078512396694215,0.011308179329819108,0.0,0.0,99.90099862258953,0.0,0.09900137741046833
177,0.3289858815426997,1.5285250361011138,0.0,40.9349173553719,5.419249311294766,6.68904958677686,46.956783746556475
178,0.30763601928374656,1.0143842166257588,0.0,52.397555096418735,47.44748622589532,0.025826446280991736,0.1291322314049587
179,0.002668732782369146,0.015484519222535527,0.0,0.0,99.85795454545455,0.0,0.14204545454545456
180,0.2803891184573003,1.0199494994509928,0.0,41.494490358126725,0.4734848484848485,58.023415977961434,0.008608815426997245
181,0.006973140495867769,0.038330861939084575,0.0,0.0,0.0,0.4089187327823691,99.59108126721763
182,0.006887052341597796,0.03798927663964076,0.0,99.59538567493112,0.0,0.4046143250688705,0.0
183,0.005767906336088154,0.032294098268113844,0.0,99.6728650137741,0.0,0.31852617079889806,0.008608815426997245
184,0.024449035812672177,0.11019147270390074,0.0,98.56232782369146,0.0,1.4161501377410468,0.021522038567493115
185,0.01368801652892562,0.07218717236635108,0.0,0.004304407713498623,99.14772727272727,0.012913223140495868,0.8350550964187328
186,0.06357610192837465,0.3936347391636062,0.0,6.577134986225895,92.96229338842976,0.03443526170798898,0.4261363636363636
187,0.0013774104683195593,0.009627628480942006,0.0,0.06456611570247935,0.012913223140495868,99.92252066115702,0.0
188,0.306387741046832,1.006222603915558,0.0,0.008608815426997245,0.060261707988980714,47.546487603305785,52.384641873278234
189,0.3255853994490358,1.127810256738062,0.004304407713498623,46.16477272727273,0.15926308539944903,1.8422865013774103,51.829373278236915
190,0.0027548209366391185,0.016913699965284315,0.004304407713498623,99.85365013774104,0.004304407713498623,0.1291322314049587,0.008608815426997245
191,0.3109934573002755,1.0436372808683287,0.004304407713498623,47.512052341597794,51.96711432506888,0.4476584022038568,0.06887052341597796
192,0.08087982093663912,0.40529036498518234,0.0,0.08608815426997246,7.808195592286501,0.0,92.10571625344353
193,0.3615272038567493,1.5253263731913638,0.0,47.52926997245179,27.56542699724518,0.030130853994490357,24.875172176308542
194,0.001119146005509642,0.007071279774966793,0.0,0.0,99.94404269972452,0.004304407713498623,0.05165289256198347
195,0.32653236914600553,1.2691707575738291,0.0,42.02393250688705,6.017561983471074,51.8767217630854,0.08178374655647383
196,0.03482265840220386,0.3336298513163304,0.0,94.02548209366391,0.021522038567493115,5.8884297520661155,0.06456611570247935
197,0.011105371900826446,0.06278562149244366,0.004304407713498623,0.0,99.35433884297521,0.3960055096418733,0.2453512396694215
198,0.3236914600550964,1.2909393674224094,0.004304407713498623,52.46212121212122,6.9257920110192845,0.06887052341597796,40.53891184573003
199,0.30621556473829203,1.0071087772733287,0.004304407713498623,52.00585399449036,47.92527548209367,0.04734848484848485,0.01721763085399449
200,0.010416666666666666,0.05533008487884987,0.004304407713498623,0.012913223140495868,0.5983126721763086,0.0,99.3844696969697
201,0.318698347107438,1.103598748390621,0.004304407713498623,47.159090909090914,51.46780303030303,0.6413567493112947,0.7274449035812672
202,0.0018078512396694215,0.011757398522901476,0.004304407713498623,99.90960743801654,0.021522038567493115,0.0559573002754821,0.008608815426997245
203,0.3090995179063361,1.0343046183461158,0.004304407713498623,0.42183195592286504,47.53357438016529,0.0,52.04028925619835
204,0.31241391184573003,1.0537916949996435,0.004304407713498623,47.456095041322314,51.8767217630854,0.08608815426997246,0.5767906336088154
205,0.31116563360881544,1.043619982942178,0.004304407713498623,0.5595730027548209,47.568009641873275,51.8681129476584,0.0
206,0.30595730027548207,1.0021250450237822,0.004304407713498623,0.0,52.419077134986225,47.55079201101928,0.025826446280991736
207,0.3078942837465565,1.0066071269723804,0.004304407713498623,52.13068181818182,0.030130853994490357,47.804752066115704,0.030130853994490357
208,0.24268250688705234,0.8477449933227087,0.004304407713498623,73.07592975206612,0.025826446280991736,26.859504132231404,0.03443526170798898
209,0.27866735537190085,1.012956997586959,0.004304407713498623,0.0,41.49018595041322,0.38309228650137744,58.1224173553719
210,0.31607265840220383,1.0785202646676568,0.004304407713498623,52.233987603305785,46.72434573002755,0.19369834710743802,0.8436639118457301
211,0.31323174931129477,1.0601629361141818,0.004304407713498623,47.512052341597794,51.71315426997245,0.06887052341597796,0.7016184573002755
212,0.3072486225895317,1.008364190157571,0.004304407713498623,0.07747933884297521,52.47073002754821,47.43887741046832,0.008608815426997245
213,0.32515495867768596,1.3268629885874956,0.004304407713498623,0.5337465564738292,6.934400826446281,51.91546143250688,40.6120867768595
214,0.0010330578512396695,0.00699891915943994,0.004304407713498623,0.012913223140495868,0.03443526170798898,0.0,99.94834710743802
215,0.0012913223140495868,0.008853350937662178,0.004304407713498623,99.93543388429752,0.012913223140495868,0.03443526170798898,0.012913223140495868
216,0.3097021349862259,0.999769587714898,0.004304407713498623,0.012913223140495868,52.99156336088154,0.0,46.991219008264466
217,0.009297520661157025,0.05059534183818529,0.004304407713498623,0.04734848484848485,99.47486225895317,0.008608815426997245,0.46487603305785125
218,0.3060003443526171,1.0025930596567512,0.004304407713498623,0.030130853994490357,52.41477272727273,0.0,47.55079201101928
219,0.3108643250688705,1.043859962120014,0.004304407713498623,47.87792699724518,0.46918044077134985,0.05165289256198347,51.59693526170799
220,0.0012913223140495868,0.009511714933767118,0.004304407713498623,99.92682506887053,0.004304407713498623,0.0559573002754821,0.008608815426997245
221,0.3068612258953168,1.0122417361284917,0.004304407713498623,52.37172865013774,47.5034435261708,0.08178374655647383,0.038739669421487606
222,0.32141012396694213,1.3037141295023476,0.004304407713498623,0.5552685950413223,41.53323002754821,51.89393939393939,6.013257575757576
223,0.0015495867768595042,0.011590446437029528,0.012913223140495868,0.038739669421487606,0.021522038567493115,0.012913223140495868,99.91391184573003
224,0.00878099173553719,0.0508840650570149,0.012913223140495868,99.50068870523417,0.025826446280991736,0.08608815426997246,0.3744834710743802
225,0.03314393939393939,0.22147210966143338,0.012913223140495868,96.72434573002755,0.05165289256198347,3.069042699724518,0.14204545454545456
226,0.3335915977961432,1.5339309865619672,0.012913223140495868,25.6284435261708,50.856577134986225,0.6284435261707989,22.87362258953168
227,0.32859848484848486,1.354996891426471,0.012913223140495868,51.60123966942148,40.35382231404959,0.8867079889807162,7.145316804407713
228,0.028753443526170798,0.15262750356446986,0.38309228650137744,0.7360537190082644,98.27823691460054,0.008608815426997245,0.59400826446281
229,0.022382920110192838,0.1167462108861629,0.38309228650137744,0.9857093663911847,0.004304407713498623,98.62689393939394,0.0
230,0.3100895316804408,1.0367646135608006,0.38739669421487605,52.14789944903582,0.04304407713498623,47.417355371900825,0.004304407713498623
231,0.324939738292011,1.483025475206847,52.42338154269972,24.332816804407713,0.09039256198347108,23.149104683195592,0.004304407713498623
232,0.0003443526170798898,0.0024012390793393206,99.98278236914601,0.0,0.01721763085399449,0.0,0.0
233,0.013515840220385674,0.13160147695349142,0.021522038567493115,98.463326446281,0.030130853994490357,1.024449035812672,0.4605716253443526
234,0.31435089531680444,1.2673593618567647,0.021522038567493115,41.49018595041322,52.397555096418735,6.047692837465565,0.04304407713498623
235,0.03546831955922865,0.36754112221021185,0.012913223140495868,0.0559573002754821,93.91356749311295,5.333161157024794,0.684400826446281
236,0.007575757575757576,0.042596226658660225,0.012913223140495868,0.2453512396694215,0.11621900826446281,0.021522038567493115,99.60399449035813
237,0.012741046831955923,0.07227109191126997,0.012913223140495868,99.28116391184572,0.21522038567493113,0.3917011019283746,0.09900137741046833
238,0.009900137741046831,0.05709823693584122,0.012913223140495868,99.3887741046832,0.021522038567493115,0.5595730027548209,0.01721763085399449
239,0.007059228650137741,0.04191656541910191,99.58677685950413,0.01721763085399449,0.34435261707988984,0.0,0.05165289256198347
240,0.007059228650137741,0.04010051849414486,99.58677685950413,0.012913223140495868,0.3917011019283746,0.0,0.008608815426997245
241,0.007059228650137741,0.04088234757106097,99.58677685950413,0.025826446280991736,0.0,0.3744834710743802,0.012913223140495868
242,0.3105630165289256,1.0356244951929974,47.563705234159784,0.060261707988980714,0.3228305785123967,0.01721763085399449,52.03598484848485
243,0.3244232093663912,1.1063115074311376,47.563705234159784,0.09039256198347108,50.856577134986225,0.008608815426997245,1.4807162534435263
244,0.3087551652892562,1.0233132504407836,47.563705234159784,0.10330578512396695,0.1291322314049587,0.008608815426997245,52.19524793388429
245,0.3140065426997245,1.0763330233262385,47.563705234159784,0.40030991735537186,0.5423553719008265,0.004304407713498623,51.48932506887053
246,0.30914256198347106,1.0323011807050895,47.563705234159784,0.01721763085399449,0.3701790633608816,0.0,52.04889807162535
247,0.3136621900826446,1.070897553972971,47.568009641873275,0.3744834710743802,0.4433539944903581,0.030130853994490357,51.58402203856749
248,0.31103650137741046,1.0378051962095443,47.568009641873275,0.10761019283746556,0.31422176308539945,0.004304407713498623,52.00585399449036
249,0.3163309228650138,1.0819310321082387,47.568009641873275,0.04304407713498623,0.5380509641873278,0.42183195592286504,51.42906336088154
250,0.30595730027548207,1.0037376139491765,47.563705234159784,0.01721763085399449,0.025826446280991736,0.0,52.39325068870524
251,0.007059228650137741,0.040065551469620375,99.58677685950413,0.38739669421487605,0.0,0.0,0.025826446280991736
252,0.006800964187327824,0.0390285668493664,99.59969008264463,0.025826446280991736,0.0,0.0,0.3744834710743802
253,0.312629132231405,1.0593235667222105,52.04889807162535,47.25809228650138,0.2453512396694215,0.03443526170798898,0.4132231404958678
254,0.3298898071625344,1.4799316368067843,52.04459366391184,23.519283746556475,0.008608815426997245,24.423209366391184,0.004304407713498623
255,0.32601584022038566,1.4824106743234853,52.04459366391184,0.012913223140495868,24.113292011019283,0.021522038567493115,23.807679063360883
256,0.31551308539944906,1.1705527842385401,52.04459366391184,3.0862603305785123,0.04734848484848485,0.008608815426997245,44.81318870523416
257,0.30647382920110194,1.0092870533367437,52.44490358126722,47.46039944903581,0.01721763085399449,0.06456611570247935,0.012913223140495868
258,0.3236914600550964,1.350717471254898,52.440599173553714,1.0890151515151516,0.2066115702479339,40.228994490358126,6.034779614325069
259,0.31357610192837465,1.057271976801938,52.440599173553714,46.78030303030303,0.008608815426997245,0.7575757575757576,0.012913223140495868
260,0.31943009641873277,1.3001529281154718,52.440599173553714,0.228133608815427,40.56904269972452,0.008608815426997245,6.753615702479339
261,0.3122417355371901,1.049864570622843,52.02737603305785,0.03443526170798898,47.33126721763085,0.0,0.6069214876033058
262,0.3057420798898072,1.0069088583086452,52.02737603305785,0.0559573002754821,0.004304407713498623,47.90375344352617,0.008608815426997245
263,0.05884125344352617,0.3561711628456984,0.004304407713498623,93.29803719008265,0.008608815426997245,6.68904958677686,0.0
264,0.005079201101928375,0.027491734257025623,0.004304407713498623,99.74603994490359,0.012913223140495868,0.21952479338842976,0.01721763085399449
265,0.023889462809917356,0.151102994052527,0.004304407713498623,98.26101928374655,0.2453512396694215,0.9641873278236914,0.525137741046832
266,0.1649449035812672,0.6622613088714415,0.004304407713498623,0.1334366391184573,16.382575757575758,0.030130853994490357,83.4495523415978
267,0.001893939393939394,0.013764444945778815,0.004304407713498623,99.89238980716253,0.025826446280991736,0.06456611570247935,0.012913223140495868
268,0.3134900137741047,1.0578778062899765,0.7102272727272727,52.406163911845724,46.83195592286501,0.03443526170798898,0.01721763085399449
269,0.31572830578512395,1.074348254495752,0.7102272727272727,0.04734848484848485,0.18078512396694216,46.82334710743802,52.23829201101928
270,0.016356749311294765,0.08658615317150314,0.7102272727272727,0.01721763085399449,0.228133608815427,0.0,99.0444214876033
271,0.013257575757575758,0.07242222255902962,0.7102272727272727,99.19938016528926,0.004304407713498623,0.03443526170798898,0.05165289256198347
272,0.015883264462809916,0.0871603913442325,0.7102272727272727,99.0573347107438,0.05165289256198347,0.16356749311294766,0.01721763085399449
273,0.32605888429752067,1.3470148467459477,0.7102272727272727,0.18078512396694216,40.53460743801653,51.89824380165289,6.676136363636363
274,0.3337637741046832,1.248407968352117,0.7102272727272727,3.912706611570248,51.8767217630854,0.008608815426997245,43.49173553719009
275,0.32184056473829203,1.0867704383227084,0.7102272727272727,50.91683884297521,0.0,47.972623966942145,0.40030991735537186
276,0.04196797520661157,0.1907804314352014,0.7102272727272727,97.55079201101928,0.012913223140495868,1.6916322314049586,0.03443526170798898
277,0.309443870523416,1.0405581257808172,47.55079201101928,0.3917011019283746,51.980027548209364,0.01721763085399449,0.060261707988980714
278,0.30828168044077137,1.0232960139643101,47.55079201101928,0.18078512396694216,0.05165289256198347,52.20385674931129,0.012913223140495868
279,0.3072055785123967,1.0107566188347517,47.55079201101928,0.01721763085399449,0.09039256198347108,0.004304407713498623,52.33729338842975
280,0.3116391184573003,1.0593632626594984,47.568009641873275,0.038739669421487606,51.652892561983464,0.004304407713498623,0.7360537190082644
281,0.31663223140495866,1.0714574751775718,47.951101928374655,0.9211432506887052,0.05165289256198347,51.07610192837465,0.0
282,0.3052685950413223,1.0021636790004067,47.951101928374655,0.004304407713498623,52.02307162534435,0.0,0.021522038567493115
283,0.30608643250688705,1.0075719940083192,47.951101928374655,0.06887052341597796,0.008608815426997245,51.97141873278237,0.0
284,0.30621556473829203,1.0091891482180955,47.951101928374655,0.008608815426997245,51.954201101928376,0.0,0.08608815426997246
285,0.30612947658402206,1.0071926251841599,47.951101928374655,0.04734848484848485,0.008608815426997245,51.980027548209364,0.012913223140495868
286,0.30595730027548207,1.0036364246555658,47.568009641873275,52.38894628099173,0.0,0.03443526170798898,0.008608815426997245
287,0.00025826446280991736,0.001854528037827881,99.9870867768595,0.012913223140495868,0.0,0.0,0.0
288,8.608815426997245e-05,0.0006864019339144249,99.99569559228651,0.0,0.0,0.0,0.004304407713498623
289,0.015452823691460055,0.0866056671229869,0.7274449035812672,99.0487258953168,0.012913223140495868,0.19369834710743802,0.01721763085399449
290,0.32795282369146006,1.1702424756815286,0.7274449035812672,1.5625,0.1893939393939394,45.66546143250689,51.85519972451791
291,0.06237086776859504,0.41960937858341335,0.7274449035812672,6.15530303030303,0.1893939393939394,0.038739669421487606,92.88911845730028
292,0.27853822314049587,1.0391705912925726,0.7274449035812672,58.02772038567493,0.04304407713498623,41.201790633608816,0.0
293,0.3165461432506887,1.0845312981152917,0.7274449035812672,52.13068181818182,46.79752066115703,0.2926997245179063,0.05165289256198347
294,0.02462121212121212,0.13352324572455979,0.7274449035812672,0.15926308539944903,0.6026170798898072,0.008608815426997245,98.50206611570248
295,0.047219352617079886,0.23940014822592898,0.7274449035812672,96.81043388429752,2.28133608815427,0.1291322314049587,0.05165289256198347
296,0.3146952479338843,1.0657557288239026,0.7274449035812672,52.32868457300276,46.82334710743802,0.0946969696969697,0.025826446280991736
297,0.0727875344352617,0.42115405317796195,0.7231404958677686,0.04304407713498623,92.5576790633609,0.008608815426997245,6.6675275482093666
298,0.0065426997245179065,0.03721182245942664,99.61260330578511,0.3787878787878788,0.0,0.008608815426997245,0.0
299,0.0065426997245179065,0.03721182245942664,99.61260330578511,0.3787878787878788,0.0,0.0,0.008608815426997245
300,0.006284435261707989,0.035579197410451985,99.62551652892562,0.3744834710743802,0.0,0.0,0.0
301,0.006284435261707989,0.03675894135574488,99.62551652892562,0.008608815426997245,0.008608815426997245,0.0,0.3572658402203857
302,0.006456611570247934,0.037284601416300474,99.61690771349862,0.3658746556473829,0.0,0.0,0.01721763085399449
303,0.006456611570247934,0.03627125578164548,99.61690771349862,0.38309228650137744,0.0,0.0,0.0
304,0.006456611570247934,0.03627125578164548,99.61690771349862,0.0,0.0,0.0,0.38309228650137744
305,0.006456611570247934,0.03627125578164548,99.61690771349862,0.0,0.38309228650137744,0.0,0.0
306,0.006456611570247934,0.03627125578164548,99.61690771349862,0.38309228650137744,0.0,0.0,0.0
307,0.006456611570247934,0.036865444453183446,99.61690771349862,0.0,0.3744834710743802,0.0,0.008608815426997245
308,0.006456611570247934,0.03720451621775211,99.61690771349862,0.008608815426997245,0.3701790633608816,0.0,0.004304407713498623
309,0.006456611570247934,0.036865444453183446,99.61690771349862,0.3744834710743802,0.0,0.008608815426997245,0.0
310,0.0065426997245179065,0.03661623033521914,99.61260330578511,0.0,0.38739669421487605,0.0,0.0
311,0.01528064738292011,0.08115431360174515,0.7231404958677686,99.10037878787878,0.012913223140495868,0.16356749311294766,0.0
312,0.3171918044077135,1.0759758577323084,0.7231404958677686,52.26411845730028,0.14204545454545456,0.09039256198347108,46.78030303030303
313,0.059400826446280995,0.4119573878951119,0.7231404958677686,6.0606060606060606,93.01825068870524,0.008608815426997245,0.1893939393939394
314,0.0003443526170798898,0.0030876303200443717,99.9784779614325,0.01721763085399449,0.0,0.004304407713498623,0.0
315,0.0003443526170798898,0.003259806628584317,99.9784779614325,0.004304407713498623,0.008608815426997245,0.008608815426997245,0.0
316,8.608815426997245e-05,0.0006864019339144249,99.99569559228651,0.004304407713498623,0.0,0.0,0.0
317,8.608815426997245e-05,0.0006864019339144249,99.99569559228651,0.004304407713498623,0.0,0.0,0.0
318,8.608815426997245e-05,0.0006864019339144249,99.99569559228651,0.0,0.0,0.0,0.004304407713498623
319,8.608815426997245e-05,0.0006864019339144249,99.99569559228651,0.004304407713498623,0.0,0.0,0.0
320,8.608815426997245e-05,0.0006864019339144249,99.99569559228651,0.004304407713498623,0.0,0.0,0.0
321,8.608815426997245e-05,0.0006864019339144249,99.99569559228651,0.004304407713498623,0.0,0.0,0.0
322,8.608815426997245e-05,0.0006864019339144249,99.99569559228651,0.0,0.0,0.0,0.004304407713498623
323,8.608815426997245e-05,0.0006864019339144249,99.99569559228651,0.004304407713498623,0.0,0.0,0.0
324,8.608815426997245e-05,0.0006864019339144249,99.99569559228651,0.0,0.004304407713498623,0.0,0.0
325,8.608815426997245e-05,0.0006864019339144249,99.99569559228651,0.0,0.0,0.0,0.004304407713498623
326,0.3087982093663912,1.0005546507127778,53.14221763085399,0.008608815426997245,46.83195592286501,0.0,0.01721763085399449
327,0.3090564738292011,1.0026699494587494,53.14221763085399,46.81473829201102,0.025826446280991736,0.012913223140495868,0.004304407713498623
328,0.3190857438016529,1.0925796978483115,1.084710743801653,51.89824380165289,46.83626033057851,0.06456611570247935,0.11621900826446281
329,0.014505853994490359,0.07767084107338587,0.7188360881542699,0.14204545454545456,0.004304407713498623,99.13481404958677,0.0
330,0.012870179063360881,0.0696048774167611,0.7188360881542699,99.22090220385675,0.004304407713498623,0.030130853994490357,0.025826446280991736
331,0.037835743801652895,0.17849334608578946,0.7188360881542699,97.71435950413223,0.0,1.5581955922865014,0.008608815426997245
332,0.012956267217630855,0.07010361579141457,0.7188360881542699,99.21659779614325,0.004304407713498623,0.03443526170798898,0.025826446280991736
333,0.31805268595041325,1.0871897268825164,0.7188360881542699,47.06869834710744,0.008608815426997245,51.807851239669425,0.3960055096418733
