Position,Mutability,Shannon_entropy,Gap_percentage,A_percentage,T_percentage,G_percentage,C_percentage
1,0.007555315704263357,0.04013048429568758,99.5682676740421,0.4317323259579061,0.0,0.0,0.0
2,0.008994423457456376,0.05111218178661808,99.42435689872279,0.0,0.0,0.5756431012772081,0.0
3,0.009354200395754632,0.052445126466957925,99.40636805180787,0.0,0.0,0.0,0.5936319481921208
4,0.009354200395754632,0.055087509613227295,99.37039035797805,0.6296096420219464,0.0,0.0,0.0
5,0.009713977334052886,0.06016202689144972,99.35240151106314,0.08994423457456377,0.0,0.5576542543622953,0.0
6,0.009713977334052886,0.05639739764959088,99.35240151106314,0.6475984889368591,0.0,0.0,0.0
7,0.009713977334052886,0.05639739764959088,99.35240151106314,0.6475984889368591,0.0,0.0,0.0
8,0.010433531210649397,0.060195718558897424,99.31642381723331,0.0,0.0,0.6655873358517719,0.017988846914912753
9,0.010433531210649397,0.058995597856867366,99.31642381723331,0.0,0.0,0.0,0.6835761827666846
10,0.010793308148947653,0.06028428957098693,99.29843497031841,0.7015650296815974,0.0,0.0,0.0
11,0.010793308148947653,0.06028428957098693,99.29843497031841,0.0,0.0,0.7015650296815974,0.0
12,0.010793308148947653,0.06416040208379128,99.29843497031841,0.6116207951070336,0.0,0.08994423457456377,0.0
13,0.010793308148947653,0.06028428957098693,99.29843497031841,0.0,0.0,0.7015650296815974,0.0
14,0.034898363014930746,0.1656390040100137,97.6074833603166,0.0,0.0,2.356538945853571,0.035977693829825505
15,0.03633747076812376,0.16868470047102396,97.49955027882713,2.5004497211728727,0.0,0.0,0.0
16,0.03993524015110631,0.17995935067500227,97.28368411584817,0.0,2.716315884151826,0.0,0.0
17,0.03993524015110631,0.1818131716956182,97.24770642201835,0.0,2.7522935779816518,0.0,0.0
18,0.17143371109911854,0.9999947478848363,49.86508364813815,0.0,50.13491635186185,0.0,0.0
19,0.23295556754812016,1.1491018845496705,46.46519158121964,2.6623493434070875,0.0,50.872459075373264,0.0
20,0.1940996582119086,0.9981952119263274,46.213347724410866,0.0,53.76866342867422,0.0,0.017988846914912753
21,0.1951789890268034,0.9952889570586025,45.96150386760209,0.0,54.03849613239792,0.0,0.0
22,0.201654973916172,0.9930554830121974,45.09803921568628,0.0,54.90196078431373,0.0,0.0
23,0.20219463932361936,0.9972257047637888,45.04407267494154,54.91994963122864,0.035977693829825505,0.0,0.0
24,0.19913653534808418,0.990582714085712,43.62295376866343,0.0,0.0,56.35905738442166,0.017988846914912753
25,0.19481921208850514,0.9703390829190621,39.50350782514841,0.0,60.478503327936686,0.0,0.017988846914912753
26,0.19481921208850514,0.9678614021637526,39.4855189782335,0.0,0.0,0.0,60.51448102176651
27,0.19481921208850514,0.9723737399228245,39.44954128440367,60.51448102176651,0.017988846914912753,0.017988846914912753,0.0
28,0.19697787371829464,0.9620763380802054,38.58607663248786,0.0,0.0,0.0,61.41392336751215
29,0.19733765065659292,0.9674928184587843,38.388199316423815,0.0,61.557834142831446,0.017988846914912753,0.035977693829825505
30,0.1966180967799964,0.9589993682690507,38.13635545961504,0.0,0.0,61.86364454038497,0.0
31,0.19733765065659292,0.9651366975506568,38.11836661270013,0.053966540744738264,0.0,61.82766684655514,0.0
32,0.19697787371829464,0.9632416692335395,38.06440007195539,0.0,0.017988846914912753,0.017988846914912753,61.89962223421479
33,0.19625831984169814,0.9692618864119438,38.010433531210644,61.89962223421479,0.017988846914912753,0.035977693829825505,0.035977693829825505
34,0.1933801043353121,0.96243230308222,37.66864543982731,62.27738801942796,0.0,0.035977693829825505,0.017988846914912753
35,0.23547400611620795,1.3079982549892593,37.56071235833783,54.272351142291775,0.017988846914912753,0.017988846914912753,8.130958805540565
36,0.0007195538765965102,0.00463502254085476,99.96402230617018,0.0,0.0,0.035977693829825505,0.0
37,0.19967620075553158,1.01951909899701,37.50674581759309,0.4317323259579061,0.3058103975535168,0.0,61.75571145889549
38,0.0003597769382982551,0.002497423086482287,99.98201115308508,0.017988846914912753,0.0,0.0,0.0
39,0.0010793308148947653,0.007132352231311548,99.94603345925526,0.035977693829825505,0.0,0.017988846914912753,0.0
40,0.02770282424896564,0.11438892370076718,98.50692570606225,1.457096600107933,0.0,0.035977693829825505,0.0
41,0.02770282424896564,0.11529173268448768,98.50692570606225,0.053966540744738264,0.0,1.4391077531930203,0.0
42,0.2025544162619176,1.0014229333086195,38.19032200035978,61.32397913293758,0.017988846914912753,0.46771001978773163,0.0
43,0.011153085087245907,0.049771078698721216,99.44234574563771,0.0,0.0,0.5576542543622953,0.0
44,0.007915092642561612,0.040629616961926254,99.60424536787193,0.10793308148947653,0.0,0.28782155063860404,0.0
45,0.20561252023745277,1.0451280470142101,38.13635545961504,1.0433531210649396,0.08994423457456377,60.73034718474546,0.0
46,0.40133117467170354,1.5471425481371808,40.34898363014931,23.06170174491815,0.0,36.58931462493254,0.0
47,0.0017988846914912754,0.011271522038216228,99.91005576542543,0.035977693829825505,0.0,0.053966540744738264,0.0
48,0.24518798345026083,0.9063665537309389,76.20075553157044,2.4105054865983093,0.017988846914912753,21.370750134916353,0.0
49,0.0003597769382982551,0.002497423086482287,99.98201115308508,0.017988846914912753,0.0,0.0,0.0
50,0.0007195538765965102,0.00463502254085476,99.96402230617018,0.035977693829825505,0.0,0.0,0.0
51,0.28116567728008635,0.920096818269963,74.65371469688793,23.277567907897105,0.0,2.068717395214967,0.0
52,0.19751753912574205,0.974977774159417,37.27289080769923,62.49325418240691,0.0,0.23385500989386582,0.0
53,0.1797085806799784,0.9585000182257005,35.941716135995684,63.8963842417701,0.0,0.16189962223421478,0.0
54,0.17287281885231157,0.9647591919449613,36.76920309408167,63.08688613059903,0.0,0.035977693829825505,0.10793308148947653
55,0.0003597769382982551,0.002497423086482287,99.98201115308508,0.017988846914912753,0.0,0.0,0.0
56,0.17934880374168016,0.956199994350099,36.373448461953586,63.53660730347185,0.017988846914912753,0.07195538765965101,0.0
57,0.0017988846914912754,0.010398207957936799,99.91005576542543,0.08994423457456377,0.0,0.0,0.0
58,0.0003597769382982551,0.002497423086482287,0.0,99.98201115308508,0.017988846914912753,0.0,0.0
59,0.0003597769382982551,0.002497423086482287,0.0,0.0,99.98201115308508,0.017988846914912753,0.0
60,0.0,0.0,0.0,0.0,0.0,100.0,0.0
61,0.008634646519158122,0.04431957446510708,0.0,0.48569886670264434,0.0,99.51430113329735,0.0
62,0.010073754272351142,0.0659544086273916,0.0,0.6116207951070336,0.10793308148947653,0.0,99.2804461234035
63,0.024464831804281346,0.10323346598943146,0.0,1.2052527432991547,0.053966540744738264,98.72279186904119,0.017988846914912753
64,0.33926965281525456,0.9785188317231515,63.23079690591833,36.427415002698325,0.0,0.3058103975535168,0.035977693829825505
65,0.33675121424716675,0.9525041174564455,63.78845116028062,36.13959345205972,0.0,0.053966540744738264,0.017988846914912753
66,0.33675121424716675,0.9525041174564455,63.78845116028062,0.017988846914912753,0.053966540744738264,0.0,36.13959345205972
67,0.3806440007195539,1.034631901914441,0.5756431012772081,43.640942615578346,0.0,55.78341428314445,0.0
68,0.0017988846914912754,0.011047540657061967,0.017988846914912753,99.91005576542543,0.0,0.07195538765965101,0.0
69,0.004677100197877316,0.027224608528650045,0.08994423457456377,0.035977693829825505,0.10793308148947653,0.0,99.76614499010613
70,0.003957546321280806,0.022494901196029274,0.07195538765965101,99.80212268393596,0.0,0.1259219284043893,0.0
71,0.0032379924446842958,0.018947577889410136,0.07195538765965101,99.83810037776578,0.0,0.08994423457456377,0.0
72,0.32092102896204355,0.973056810401783,0.0,0.0,40.36697247706422,0.0,59.63302752293578
73,0.0,0.0,0.0,100.0,0.0,0.0,0.0
74,0.0028782155063860407,0.015660753534796325,0.0,0.0,99.8560892246807,0.0,0.14391077531930202
75,0.021586616297895305,0.09639167754933915,0.0,1.0793308148947653,0.08994423457456377,98.83072495053067,0.0
76,0.0003597769382982551,0.002497423086482287,0.0,99.98201115308508,0.0,0.0,0.017988846914912753
77,0.0021586616297895305,0.01394590528612523,0.0,0.0,0.1259219284043893,0.0,99.8740780715956
78,0.0034178809138334233,0.02029502843647203,0.0,0.035977693829825505,0.14391077531930202,0.0,99.82011153085088
79,0.0,0.0,0.0,100.0,0.0,0.0,0.0
80,0.0003597769382982551,0.002497423086482287,0.0,0.0,0.017988846914912753,0.0,99.98201115308508
81,0.012592192840438927,0.05957284181456556,0.0,99.35240151106314,0.035977693829825505,0.5936319481921208,0.017988846914912753
82,0.004317323259579061,0.02380919193266687,0.0,99.76614499010613,0.0,0.23385500989386582,0.0
83,0.0028782155063860407,0.017034286908316692,0.0,0.08994423457456377,0.053966540744738264,0.0,99.8560892246807
84,0.0,0.0,0.0,100.0,0.0,0.0,0.0
85,0.0,0.0,0.0,0.0,0.0,0.0,100.0
86,0.0,0.0,0.0,100.0,0.0,0.0,0.0
87,0.0007195538765965102,0.00463502254085476,0.0,99.96402230617018,0.0,0.035977693829825505,0.0
88,0.0,0.0,0.0,100.0,0.0,0.0,0.0
89,0.0,0.0,0.0,0.0,100.0,0.0,0.0
90,0.004317323259579061,0.026306007343323858,0.0,0.017988846914912753,99.74815614319122,0.0,0.23385500989386582
91,0.0,0.0,0.0,0.0,0.0,100.0,0.0
92,0.0,0.0,0.0,100.0,0.0,0.0,0.0
93,0.0,0.0,0.0,0.0,0.0,100.0,0.0
94,0.0,0.0,0.0,0.0,0.0,100.0,0.0
95,0.0,0.0,0.0,0.0,100.0,0.0,0.0
96,0.0007195538765965102,0.00463502254085476,0.0,0.035977693829825505,0.0,99.96402230617018,0.0
97,0.0014391077531930203,0.008550304396253585,0.0,0.07195538765965101,0.0,99.92804461234034,0.0
98,0.0,0.0,0.0,0.0,0.0,100.0,0.0
99,0.003597769382982551,0.018996363038221692,0.0,0.0,99.82011153085088,0.0,0.17988846914912754
100,0.0025184385680877856,0.01394590528612523,0.0,0.0,0.1259219284043893,0.0,99.8740780715956
101,0.0028782155063860407,0.01790760098859612,0.0,0.053966540744738264,0.053966540744738264,0.035977693829825505,99.8560892246807
102,0.04713077891707142,0.18198016686997853,0.0,2.2306170174491813,0.2518438568087786,97.49955027882713,0.017988846914912753
103,0.0017988846914912754,0.010398207957936799,0.0,0.08994423457456377,0.0,99.91005576542543,0.0
104,0.003597769382982551,0.018996363038221692,0.0,0.17988846914912754,0.0,99.82011153085088,0.0
105,0.009713977334052886,0.04431957446510708,0.0,99.51430113329735,0.0,0.48569886670264434,0.0
106,0.0007195538765965102,0.00463502254085476,0.0,0.035977693829825505,0.0,99.96402230617018,0.0
107,0.0,0.0,0.0,0.0,0.0,0.0,100.0
108,0.0028782155063860407,0.016828270173701355,0.0,99.8560892246807,0.0,0.10793308148947653,0.035977693829825505
109,0.0,0.0,0.0,100.0,0.0,0.0,0.0
110,0.0,0.0,0.0,0.0,0.0,0.0,100.0
111,0.0007195538765965102,0.00463502254085476,0.0,0.0,0.035977693829825505,0.0,99.96402230617018
112,0.0032379924446842958,0.018996363038221692,0.0,99.82011153085088,0.0,0.17988846914912754,0.0
113,0.0007195538765965102,0.00463502254085476,0.0,99.96402230617018,0.0,0.035977693829825505,0.0
114,0.003597769382982551,0.018996363038221692,0.0,0.0,99.82011153085088,0.0,0.17988846914912754
115,0.0010793308148947653,0.007132352231311548,0.0,0.035977693829825505,0.017988846914912753,99.94603345925526,0.0
116,0.0,0.0,0.0,0.0,0.0,0.0,100.0
117,0.04713077891707142,0.41706498924780755,0.0,0.08994423457456377,8.130958805540565,0.0,91.77909695988488
118,0.0003597769382982551,0.002497423086482287,0.0,99.98201115308508,0.0,0.017988846914912753,0.0
119,0.0,0.0,0.0,0.0,0.0,0.0,100.0
120,0.018528512322360136,0.0843498504065937,0.0,0.17988846914912754,0.7735204173412484,0.0,99.04659111350962
121,0.0003597769382982551,0.002497423086482287,0.0,99.98201115308508,0.0,0.017988846914912753,0.0
122,0.0,0.0,0.0,0.0,100.0,0.0,0.0
123,0.0010793308148947653,0.0066367797358692976,0.0,99.94603345925526,0.0,0.053966540744738264,0.0
124,0.0,0.0,0.0,100.0,0.0,0.0,0.0
125,0.0,0.0,0.0,100.0,0.0,0.0,0.0
126,0.0032379924446842958,0.01734302949247831,0.0,0.0,0.16189962223421478,0.0,99.83810037776578
127,0.0021586616297895305,0.012193808261247075,0.0,0.0,99.89206691851052,0.0,0.10793308148947653
128,0.0,0.0,0.0,0.0,100.0,0.0,0.0
129,0.2658751574024105,0.9360273994002604,0.0,0.017988846914912753,65.0296815974096,0.0,34.95232955567548
130,0.0,0.0,0.0,0.0,0.0,100.0,0.0
131,0.0,0.0,0.0,100.0,0.0,0.0,0.0
132,0.004317323259579061,0.022227272401600225,0.0,99.78413383702105,0.0,0.21586616297895306,0.0
133,0.0014391077531930203,0.009269858272850094,0.0,0.035977693829825505,0.035977693829825505,99.92804461234034,0.0
134,0.0,0.0,0.0,0.0,0.0,0.0,100.0
135,0.0032379924446842958,0.018940050639910867,0.0,99.83810037776578,0.017988846914912753,0.1259219284043893,0.017988846914912753
136,0.0,0.0,0.0,0.0,0.0,100.0,0.0
137,0.0,0.0,0.0,0.0,0.0,100.0,0.0
138,0.0028782155063860407,0.01734302949247831,0.0,99.83810037776578,0.0,0.16189962223421478,0.0
139,0.0028782155063860407,0.01644300133936491,0.0,99.8560892246807,0.0,0.1259219284043893,0.017988846914912753
140,0.0,0.0,0.0,0.0,100.0,0.0,0.0
141,0.0032379924446842958,0.018157802835342282,0.0,0.017988846914912753,99.83810037776578,0.0,0.14391077531930202
142,0.007375427235114229,0.07126132185899259,0.0,0.035977693829825505,0.7915092642561612,0.0,99.17251304191402
143,0.0,0.0,0.0,0.0,100.0,0.0,0.0
144,0.01690951610001799,0.07449917130370186,0.0,0.7555315704263357,0.08994423457456377,99.15452419499911,0.0
145,0.0003597769382982551,0.002497423086482287,0.0,0.017988846914912753,0.0,99.98201115308508,0.0
146,0.0,0.0,0.0,100.0,0.0,0.0,0.0
147,0.035617916891527254,0.13617617688440026,0.0,1.9068177729807518,0.0,98.09318222701926,0.0
148,0.0,0.0,0.0,0.0,100.0,0.0,0.0
149,0.0,0.0,0.0,0.0,0.0,100.0,0.0
150,0.062061521856449,0.31141300932829646,0.0,0.0,5.540564849793128,0.017988846914912753,94.44144630329195
151,0.0,0.0,0.0,0.0,100.0,0.0,0.0
152,0.0,0.0,0.0,100.0,0.0,0.0,0.0
153,0.0064759848893685915,0.03292413547590553,0.0,0.0,99.65821190861665,0.0,0.3417880913833423
154,0.0,0.0,0.0,0.0,0.0,100.0,0.0
155,0.0003597769382982551,0.002497423086482287,0.0,99.98201115308508,0.0,0.017988846914912753,0.0
156,0.005396654074473826,0.02844029938977833,0.0,99.7121784493614,0.0,0.28782155063860404,0.0
157,0.0007195538765965102,0.00463502254085476,0.0,99.96402230617018,0.0,0.0,0.035977693829825505
158,0.0,0.0,0.0,0.0,0.0,100.0,0.0
159,0.3155243748875697,0.9743568870888515,0.0,40.60082748695809,0.0,59.39917251304191,0.0
160,0.0032379924446842958,0.018940050639910867,0.0,0.017988846914912753,0.1259219284043893,0.017988846914912753,99.83810037776578
161,0.0,0.0,0.0,0.0,100.0,0.0,0.0
162,0.006835761827666847,0.03507483438816757,0.0,0.0,99.65821190861665,0.053966540744738264,0.28782155063860404
163,0.0003597769382982551,0.002497423086482287,0.0,0.0,99.98201115308508,0.017988846914912753,0.0
164,0.0003597769382982551,0.002497423086482287,0.0,0.0,0.017988846914912753,0.0,99.98201115308508
165,0.0028782155063860407,0.01718804711199961,0.0,99.8560892246807,0.017988846914912753,0.10793308148947653,0.017988846914912753
166,0.0,0.0,0.0,0.0,100.0,0.0,0.0
167,0.0,0.0,0.0,0.0,0.0,100.0,0.0
168,0.0,0.0,0.0,0.0,0.0,100.0,0.0
169,0.0,0.0,0.0,0.0,0.0,0.0,100.0
170,0.0,0.0,0.0,100.0,0.0,0.0,0.0
171,0.0025184385680877856,0.01394590528612523,0.0,99.8740780715956,0.0,0.1259219284043893,0.0
172,0.008274869580859866,0.03871295993312804,0.0,99.58625652095701,0.0,0.4137434790429933,0.0
173,0.007555315704263357,0.03584339552078848,0.0,0.37776578521316784,0.0,99.62223421478683,0.0
174,0.3547400611620795,0.9994676974965129,0.0,48.64184205792409,0.0,51.35815794207591,0.0
175,0.0007195538765965102,0.004994799479153015,0.0,0.017988846914912753,0.017988846914912753,99.96402230617018,0.0
176,0.0,0.0,0.0,0.0,0.0,0.0,100.0
177,0.013311746717035437,0.06411080895097876,0.0,0.0,0.7555315704263357,0.0,99.24446842957366
178,0.0,0.0,0.0,0.0,0.0,0.0,100.0
179,0.0,0.0,0.0,0.0,100.0,0.0,0.0
180,0.016549739161719732,0.0762298350573446,0.0,0.035977693829825505,99.10055765425436,0.0,0.8634646519158122
181,0.0,0.0,0.0,0.0,0.0,100.0,0.0
182,0.0003597769382982551,0.002497423086482287,0.0,99.98201115308508,0.0,0.017988846914912753,0.0
183,0.005036877136175571,0.025371081534190515,0.0,0.0,0.2518438568087786,0.0,99.74815614319122
184,0.0021586616297895305,0.012193808261247075,0.0,0.0,99.89206691851052,0.0,0.10793308148947653
185,0.0014391077531930203,0.008550304396253585,0.0,99.92804461234034,0.0,0.07195538765965101,0.0
186,0.10109731966180968,0.4167659583551608,0.0,0.0,8.41878035617917,0.0,91.58121964382083
187,0.0,0.0,0.0,0.0,0.0,0.0,100.0
188,0.0,0.0,0.0,0.0,0.0,0.0,100.0
189,0.30347184745457817,0.9106493421916826,0.0,0.10793308148947653,68.37560712358338,0.0,31.516459794927144
190,0.0,0.0,0.0,0.0,0.0,100.0,0.0
191,0.0,0.0,0.0,0.0,0.0,100.0,0.0
192,0.005396654074473826,0.02975565974790271,0.0,0.053966540744738264,99.7301672962763,0.017988846914912753,0.1978773160640403
193,0.0061162079510703364,0.03144427888809128,0.0,0.32379924446842956,0.0,0.0,99.67620075553157
194,0.0014391077531930203,0.008550304396253585,0.0,99.92804461234034,0.0,0.07195538765965101,0.0
195,0.003597769382982551,0.018996363038221692,0.0,99.82011153085088,0.0,0.17988846914912754,0.0
196,0.0,0.0,0.0,0.0,0.0,100.0,0.0
197,0.0,0.0,0.0,100.0,0.0,0.0,0.0
198,0.004677100197877316,0.02472413460710118,0.0,0.017988846914912753,0.21586616297895306,0.0,99.76614499010613
199,0.0,0.0,0.0,0.0,0.0,0.0,100.0
200,0.0,0.0,0.0,0.0,0.0,100.0,0.0
201,0.28800143910775317,0.9746804340967654,0.0,0.1978773160640403,37.63266774599748,0.0,62.169454937938475
202,0.020687173952149668,0.08717790770371019,0.0,0.0,1.0973196618096779,0.0,98.90268033819032
203,0.0,0.0,0.0,0.0,100.0,0.0,0.0
204,0.005756431012772081,0.0316686232240992,0.0,99.7121784493614,0.017988846914912753,0.1978773160640403,0.07195538765965101
205,0.013671523655333693,0.06533723448927099,0.0,99.24446842957366,0.017988846914912753,0.0,0.7375427235114229
206,0.0017988846914912754,0.011271522038216226,0.0,99.91005576542543,0.0,0.053966540744738264,0.035977693829825505
207,0.007195538765965102,0.03439027973648068,0.0,0.0,0.3597769382982551,0.0,99.64022306170175
208,0.0,0.0,0.0,100.0,0.0,0.0,0.0
209,0.0032379924446842958,0.01734302949247831,0.0,0.16189962223421478,0.0,99.83810037776578,0.0
210,0.0064759848893685915,0.04842155546262579,0.0,99.46033459255261,0.0,0.5396654074473827,0.0
211,0.003957546321280806,0.021493318808105115,0.0,0.017988846914912753,0.17988846914912754,0.0,99.80212268393596
212,0.0003597769382982551,0.002497423086482287,0.0,0.017988846914912753,99.98201115308508,0.0,0.0
213,0.007555315704263357,0.037557380612158485,0.0,99.62223421478683,0.0,0.3417880913833423,0.035977693829825505
214,0.0,0.0,0.0,100.0,0.0,0.0,0.0
215,0.0003597769382982551,0.002497423086482287,0.0,99.98201115308508,0.0,0.017988846914912753,0.0
216,0.3052707321460694,0.936036518323663,0.0,35.22216225939917,0.0,64.77783774060083,0.0
217,0.0,0.0,0.0,100.0,0.0,0.0,0.0
218,0.0,0.0,0.0,0.0,0.0,100.0,0.0
219,0.28890088145349885,0.9468940319283286,0.0,63.48264076272711,0.0,36.51735923727289,0.0
220,0.0,0.0,0.0,100.0,0.0,0.0,0.0
221,0.0003597769382982551,0.002497423086482287,0.0,99.98201115308508,0.0,0.017988846914912753,0.0
222,0.006835761827666847,0.03584339552078848,0.0,99.62223421478683,0.0,0.37776578521316784,0.0
223,0.0032379924446842958,0.018580273701612613,0.0,0.035977693829825505,99.83810037776578,0.0,0.1259219284043893
224,0.0,0.0,0.0,0.0,100.0,0.0,0.0
225,0.004137434790429933,0.025371081534190515,0.0,99.74815614319122,0.0,0.2518438568087786,0.0
226,0.0021586616297895305,0.012895397491304661,0.0,0.08994423457456377,0.0,99.89206691851052,0.017988846914912753
227,0.0017988846914912754,0.011271522038216228,0.0,99.91005576542543,0.035977693829825505,0.053966540744738264,0.0
228,0.05846375247346645,0.2485927779449672,0.0,4.083468249685195,0.017988846914912753,95.8985429033999,0.0
229,0.0,0.0,0.0,0.0,100.0,0.0,0.0
230,0.0003597769382982551,0.002497423086482287,0.0,0.0,0.017988846914912753,0.0,99.98201115308508
231,0.0007195538765965102,0.00463502254085476,0.0,99.96402230617018,0.0,0.035977693829825505,0.0
232,0.0,0.0,0.0,100.0,0.0,0.0,0.0
233,0.0007195538765965102,0.00463502254085476,0.0,0.035977693829825505,0.0,99.96402230617018,0.0
234,0.01690951610001799,0.07405055650830326,0.0,99.10055765425436,0.0,0.8994423457456376,0.0
235,0.0064759848893685915,0.03144427888809128,0.0,99.67620075553157,0.0,0.32379924446842956,0.0
236,0.0003597769382982551,0.002497423086482287,0.0,0.0,99.98201115308508,0.0,0.017988846914912753
237,0.0003597769382982551,0.002497423086482287,0.0,99.98201115308508,0.017988846914912753,0.0,0.0
238,0.005756431012772081,0.02844029938977833,0.0,99.7121784493614,0.0,0.28782155063860404,0.0
239,0.0021586616297895305,0.018157802835342282,0.0,99.83810037776578,0.017988846914912753,0.14391077531930202,0.0
240,0.02914193200215866,0.1187375330863716,0.0,1.529051987767584,0.035977693829825505,98.43497031840259,0.0
241,0.018528512322360136,0.08834395580048868,0.0,98.88469149127542,0.0,1.1153085087245906,0.0
242,0.0014391077531930203,0.008550304396253585,0.0,0.07195538765965101,0.0,0.0,99.92804461234034
243,0.2227019248066199,0.8203536417581916,0.0,0.10793308148947653,75.19338010433532,0.017988846914912753,24.680697967260297
244,0.0003597769382982551,0.002497423086482287,0.0,0.0,0.017988846914912753,0.0,99.98201115308508
245,0.0,0.0,0.0,100.0,0.0,0.0,0.0
246,0.022306170174491814,0.10324776360030881,0.0,0.3417880913833423,0.8454758050008995,0.0,98.81273610361576
247,0.0,0.0,0.0,100.0,0.0,0.0,0.0
248,0.0,0.0,0.0,100.0,0.0,0.0,0.0
249,0.008634646519158122,0.052445126466957925,0.0,0.0,0.5936319481921208,0.0,99.40636805180787
250,0.0010793308148947653,0.0066367797358692976,0.0,99.94603345925526,0.0,0.0,0.053966540744738264
251,0.007915092642561612,0.03728410147250485,0.0,99.60424536787193,0.0,0.3957546321280806,0.0
252,0.0025184385680877856,0.01394590528612523,0.0,99.8740780715956,0.0,0.1259219284043893,0.0
253,0.0007195538765965102,0.004994799479153015,0.0,99.96402230617018,0.017988846914912753,0.017988846914912753,0.0
254,0.015470408346824968,0.06912625102636413,0.0,0.8274869580859866,0.0,99.17251304191402,0.0
255,0.0028782155063860407,0.015660753534796325,0.0,0.0,99.8560892246807,0.0,0.14391077531930202
256,0.0010793308148947653,0.0066367797358692976,0.0,0.053966540744738264,0.0,99.94603345925526,0.0
257,0.0014391077531930203,0.0091340627157061,0.0,99.92804461234034,0.017988846914912753,0.053966540744738264,0.0
258,0.03903579780536068,0.21915354755244815,0.0,3.453858607663249,0.017988846914912753,96.52815254542185,0.0
259,0.003957546321280806,0.0206236539662025,0.0,0.0,0.1978773160640403,0.0,99.80212268393596
260,0.0010793308148947653,0.007132352231311548,0.0,0.017988846914912753,0.035977693829825505,0.0,99.94603345925526
261,0.0037776578521316784,0.023120562958111036,0.0,0.1978773160640403,99.78413383702105,0.017988846914912753,0.0
262,0.0010793308148947653,0.0066367797358692976,0.0,0.053966540744738264,0.0,99.94603345925526,0.0
263,0.0010793308148947653,0.0066367797358692976,0.0,99.94603345925526,0.0,0.053966540744738264,0.0
264,0.0032379924446842958,0.01734302949247831,0.0,99.83810037776578,0.0,0.16189962223421478,0.0
265,0.0028782155063860407,0.01644300133936491,0.0,99.8560892246807,0.017988846914912753,0.1259219284043893,0.0
266,0.004677100197877316,0.02380919193266687,0.0,0.23385500989386582,0.0,99.76614499010613,0.0
267,0.004317323259579061,0.02312056295811104,0.0,0.0,99.78413383702105,0.017988846914912753,0.1978773160640403
268,0.0003597769382982551,0.002497423086482287,0.0,99.98201115308508,0.0,0.017988846914912753,0.0
269,0.0003597769382982551,0.002497423086482287,0.0,99.98201115308508,0.0,0.017988846914912753,0.0
270,0.005756431012772081,0.02844029938977833,0.0,99.7121784493614,0.0,0.28782155063860404,0.0
271,0.0010793308148947653,0.0066367797358692976,0.0,99.94603345925526,0.0,0.053966540744738264,0.0
272,0.008634646519158122,0.04013048429568758,0.0,0.4317323259579061,0.0,99.5682676740421,0.0
273,0.12304371289800324,0.4055170984682049,0.0,8.094981111710739,0.0,91.90501888828926,0.0
274,0.0061162079510703364,0.0324465781729817,0.0,99.67620075553157,0.017988846914912753,0.0,0.3058103975535168
275,0.0003597769382982551,0.002497423086482287,0.0,0.0,99.98201115308508,0.0,0.017988846914912753
276,0.0025184385680877856,0.015660753534796325,0.0,0.14391077531930202,0.0,99.8560892246807,0.0
277,0.0032379924446842958,0.01984003203190631,0.0,0.017988846914912753,99.82011153085088,0.0,0.16189962223421478
278,0.0,0.0,0.0,0.0,0.0,0.0,100.0
279,0.3766864543982731,0.9932647998548132,0.0,0.08994423457456377,57.43838819931643,0.0,42.47166756610901
280,0.004677100197877316,0.026137750464256017,0.0,0.1259219284043893,0.10793308148947653,0.0,99.76614499010613
281,0.0,0.0,0.0,0.0,100.0,0.0,0.0
282,0.004137434790429933,0.02312056295811104,0.0,0.017988846914912753,99.78413383702105,0.0,0.1978773160640403
283,0.005036877136175571,0.026914371094016395,0.0,0.26983270372369134,0.0,99.7301672962763,0.0
284,0.0003597769382982551,0.002497423086482287,0.0,99.98201115308508,0.0,0.017988846914912753,0.0
285,0.004317323259579061,0.02312056295811104,0.0,99.78413383702105,0.017988846914912753,0.1978773160640403,0.0
286,0.0028782155063860407,0.015660753534796325,0.0,0.14391077531930202,0.0,99.8560892246807,0.0
287,0.0,0.0,0.0,100.0,0.0,0.0,0.0
288,0.0032379924446842958,0.018157802835342282,0.0,0.14391077531930202,0.017988846914912753,99.83810037776578,0.0
289,0.0,0.0,0.0,100.0,0.0,0.0,0.0
290,0.0,0.0,0.0,0.0,0.0,100.0,0.0
291,0.04892966360856269,0.2218264130834981,0.0,96.43820831084727,0.0,3.5617916891527255,0.0
292,0.0,0.0,0.0,100.0,0.0,0.0,0.0
293,0.0014391077531930203,0.008550304396253585,0.0,99.92804461234034,0.0,0.07195538765965101,0.0
294,0.025544162619176112,0.10646576775198788,0.0,98.5968699406368,0.0,1.4031300593631948,0.0
295,0.020867062421298793,0.08986726213557975,0.0,0.9534088864903759,0.10793308148947653,98.93865803202014,0.0
296,0.004677100197877316,0.026861173079459913,0.0,0.035977693829825505,0.21586616297895306,0.0,99.74815614319122
297,0.005576542543622953,0.05147881129939268,0.0,99.46033459255261,0.46771001978773163,0.07195538765965101,0.0
298,0.0028782155063860407,0.015660753534796325,0.0,99.8560892246807,0.0,0.14391077531930202,0.0
299,0.0003597769382982551,0.002497423086482287,0.0,0.0,99.98201115308508,0.0,0.017988846914912753
300,0.0021586616297895305,0.012895397491304661,0.0,0.0,99.89206691851052,0.017988846914912753,0.08994423457456377
301,0.0,0.0,0.0,0.0,0.0,100.0,0.0
302,0.0,0.0,0.0,0.0,0.0,100.0,0.0
303,0.01169275049469329,0.09285480306837124,0.0,98.88469149127542,0.08994423457456377,1.0253642741500268,0.0
304,0.02266594711279007,0.09315783624891605,0.0,1.1512862025544162,0.017988846914912753,98.83072495053067,0.0
305,0.0,0.0,0.0,0.0,100.0,0.0,0.0
306,0.010793308148947653,0.04955939842171123,0.0,99.46033459255261,0.017988846914912753,0.5216765605324698,0.0
307,0.0010793308148947653,0.0066367797358692976,0.0,99.94603345925526,0.0,0.053966540744738264,0.0
308,0.0017988846914912754,0.010398207957936799,0.0,99.91005576542543,0.0,0.08994423457456377,0.0
309,0.0028782155063860407,0.01644300133936491,0.0,99.8560892246807,0.0,0.1259219284043893,0.017988846914912753
310,0.0032379924446842958,0.01734302949247831,0.0,99.83810037776578,0.16189962223421478,0.0,0.0
311,0.0,0.0,0.0,0.0,100.0,0.0,0.0
312,0.0017988846914912754,0.010398207957936799,0.0,0.08994423457456377,0.0,99.91005576542543,0.0
313,0.0021586616297895305,0.014690951058759928,0.0,99.8740780715956,0.017988846914912753,0.10793308148947653,0.0
314,0.0,0.0,0.0,0.0,100.0,0.0,0.0
315,0.015110631408526714,0.06819743478426041,0.0,0.7195538765965102,0.053966540744738264,99.22647958265875,0.0
316,0.0003597769382982551,0.002497423086482287,0.0,99.98201115308508,0.0,0.017988846914912753,0.0
317,0.03381903220003598,0.13923299905509887,0.0,98.0392156862745,0.0,1.9607843137254901,0.0
318,0.004317323259579061,0.02380919193266687,0.0,99.76614499010613,0.0,0.23385500989386582,0.0
319,0.005036877136175571,0.025371081534190515,0.0,0.2518438568087786,0.0,99.74815614319122,0.0
320,0.0007195538765965102,0.00463502254085476,0.0,0.0,99.96402230617018,0.0,0.035977693829825505
321,0.024284943335132217,0.177928262037008,0.0,97.42759489116747,0.035977693829825505,2.5004497211728727,0.035977693829825505
322,0.0,0.0,0.0,0.0,0.0,0.0,100.0
323,0.0,0.0,0.0,0.0,100.0,0.0,0.0
324,0.31516459794927143,0.9741957079417822,0.0,0.035977693829825505,39.809318222701926,0.0,60.154704083468246
325,0.016549739161719732,0.07162151745454232,0.0,0.017988846914912753,0.8274869580859866,0.0,99.15452419499911
326,0.0,0.0,0.0,0.0,100.0,0.0,0.0
327,0.005036877136175571,0.030444148312606594,0.0,99.7121784493614,0.053966540744738264,0.23385500989386582,0.0
328,0.0017988846914912754,0.010398207957936799,0.0,0.0,99.91005576542543,0.0,0.08994423457456377
329,0.0017988846914912754,0.010398207957936799,0.0,0.0,99.91005576542543,0.0,0.08994423457456377
330,0.0061162079510703364,0.03144427888809128,0.0,0.0,99.67620075553157,0.0,0.32379924446842956
331,0.003597769382982551,0.020581703745598364,0.0,99.82011153085088,0.1259219284043893,0.053966540744738264,0.0
332,0.0003597769382982551,0.002497423086482287,0.0,0.0,99.98201115308508,0.0,0.017988846914912753
333,0.0021586616297895305,0.012193808261247075,0.0,0.10793308148947653,0.0,99.89206691851052,0.0
334,0.032379924446842956,0.16390680345277112,0.0,97.58949451340169,0.0,2.4105054865983093,0.0
335,0.003957546321280806,0.022227272401600225,0.0,99.78413383702105,0.0,0.21586616297895306,0.0
336,0.01385141212448282,0.08834395580048868,0.0,0.0,98.88469149127542,0.0,1.1153085087245906
337,0.0017988846914912754,0.010398207957936799,0.0,0.0,0.08994423457456377,0.0,99.91005576542543
338,0.0003597769382982551,0.002497423086482287,0.0,0.017988846914912753,0.0,0.0,99.98201115308508
339,0.1189062781075733,0.4508911975715337,0.0,8.382802662349343,0.37776578521316784,91.2394315524375,0.0
340,0.0003597769382982551,0.002497423086482287,0.0,0.0,99.98201115308508,0.017988846914912753,0.0
341,0.0008994423457456377,0.0066367797358692976,0.0,0.0,0.053966540744738264,0.0,99.94603345925526
342,0.005396654074473826,0.028442999012399835,0.0,0.035977693829825505,99.7301672962763,0.0,0.23385500989386582
343,0.0061162079510703364,0.030936974365257233,0.0,0.28782155063860404,0.017988846914912753,99.69418960244649,0.0
344,0.020147508544702285,0.08128168387619691,0.0,0.0,1.0073754272351143,0.0,98.99262457276488
345,0.0025184385680877856,0.014690951058759928,0.0,0.017988846914912753,99.8740780715956,0.0,0.10793308148947653
346,0.0007195538765965102,0.00463502254085476,0.0,0.035977693829825505,0.0,99.96402230617018,0.0
347,0.02194639323619356,0.09200023547434819,0.0,1.1332973556395036,0.017988846914912753,98.84871379744558,0.0
348,0.003957546321280806,0.0206236539662025,0.0,99.80212268393596,0.0,0.1978773160640403,0.0
349,0.04551178269472927,0.22438855627703647,0.0,96.38424177010253,0.0,3.6157582298974638,0.0
350,0.0028782155063860407,0.01718804711199961,0.0,0.017988846914912753,99.8560892246807,0.017988846914912753,0.10793308148947653
351,0.010073754272351142,0.05169564008805267,0.0,0.0,99.44234574563771,0.035977693829825505,0.5216765605324698
352,0.0021586616297895305,0.012193808261247075,0.0,0.10793308148947653,0.0,99.89206691851052,0.0
353,0.0025184385680877856,0.014690951058759928,0.0,99.8740780715956,0.0,0.10793308148947653,0.017988846914912753
354,0.008274869580859866,0.040836230145568655,0.0,99.58625652095701,0.017988846914912753,0.37776578521316784,0.017988846914912753
355,0.0017988846914912754,0.010398207957936799,0.0,0.08994423457456377,0.0,99.91005576542543,0.0
356,0.0017988846914912754,0.011047540657061967,0.0,0.07195538765965101,0.017988846914912753,99.91005576542543,0.0
357,0.007915092642561612,0.03728410147250485,0.0,0.3957546321280806,0.0,99.60424536787193,0.0
358,0.0014391077531930203,0.0091340627157061,0.0,0.0,99.92804461234034,0.017988846914912753,0.053966540744738264
359,0.0003597769382982551,0.002497423086482287,0.0,0.0,99.98201115308508,0.0,0.017988846914912753
360,0.0017988846914912754,0.011271522038216228,0.0,0.035977693829825505,99.91005576542543,0.0,0.053966540744738264
361,0.005396654074473826,0.026914371094016395,0.0,0.26983270372369134,0.0,99.7301672962763,0.0
362,0.0021586616297895305,0.012193808261247075,0.0,99.89206691851052,0.0,0.10793308148947653,0.0
363,0.017269293038316244,0.07575655961814105,0.0,0.8274869580859866,0.053966540744738264,99.11854650116928,0.0
364,0.0017988846914912754,0.011271522038216226,0.0,0.035977693829825505,0.053966540744738264,0.0,99.91005576542543
365,0.0028782155063860407,0.016828270173701355,0.0,0.035977693829825505,0.10793308148947653,0.0,99.8560892246807
366,0.01457096600107933,0.06928267281684455,0.0,99.24446842957366,0.017988846914912753,0.6475984889368591,0.08994423457456377
367,0.007555315704263357,0.04005744876151893,0.0,0.017988846914912753,99.62223421478683,0.10793308148947653,0.2518438568087786
368,0.004677100197877316,0.02472413460710118,0.0,99.76614499010613,0.017988846914912753,0.21586616297895306,0.0
369,0.01097319661809678,0.08138586120836547,0.0,0.017988846914912753,0.9713977334052887,0.0,99.0106134196798
370,0.005396654074473826,0.0298914553050467,0.0,0.035977693829825505,99.7301672962763,0.035977693829825505,0.1978773160640403
371,0.02338550098938658,0.09752527401906493,0.0,1.2592192840438927,0.0,98.7407807159561,0.0
372,0.006835761827666847,0.03292413547590553,0.0,0.0,99.65821190861665,0.0,0.3417880913833423
373,0.011512862025544163,0.0556082056322987,0.0,99.40636805180787,0.0,0.5216765605324698,0.07195538765965101
374,0.007915092642561612,0.0404764532072704,0.0,0.0,99.58625652095701,0.035977693829825505,0.37776578521316784
375,0.050728548300053966,0.23975142662650542,0.0,3.1660370570246448,0.3957546321280806,96.43820831084727,0.0
376,0.008994423457456376,0.04877972692408733,0.0,99.51430113329735,0.0,0.32379924446842956,0.16189962223421478
377,0.0032379924446842958,0.01953133620886265,0.0,99.83810037776578,0.017988846914912753,0.08994423457456377,0.053966540744738264
378,0.2914193200215866,0.9147353010282194,0.0,68.62745098039215,0.0,0.1978773160640403,31.174671703543805
379,0.010793308148947653,0.05219836517598919,0.0,99.46033459255261,0.035977693829825505,0.46771001978773163,0.035977693829825505
380,0.018888289260658393,0.12171698518793297,0.0,1.24123043712898,0.2518438568087786,98.50692570606225,0.0
381,0.004317323259579061,0.02312056295811104,0.0,0.0,99.78413383702105,0.017988846914912753,0.1978773160640403
382,0.04479222881813276,0.21915354755244815,0.0,0.0,96.52815254542185,0.017988846914912753,3.453858607663249
383,0.0061162079510703364,0.02994995002612146,0.0,0.0,0.3058103975535168,0.0,99.69418960244649
384,0.051448102176650475,0.2323217146047873,0.0,0.2518438568087786,3.255981291599209,0.0,96.49217485159201
385,0.0032379924446842958,0.01734302949247831,0.0,0.0,99.83810037776578,0.0,0.16189962223421478
386,0.0032379924446842958,0.01734302949247831,0.0,0.0,0.16189962223421478,0.0,99.83810037776578
387,0.01816873538406188,0.11522327015787218,0.0,98.66882532829646,0.0,0.7375427235114229,0.5936319481921208
388,0.1705342687533729,0.7368532873186433,0.0,79.24087066019068,0.0,20.759129339809316,0.0
389,0.017988846914912753,0.08198626431053534,0.0,99.04659111350962,0.0,0.8634646519158122,0.08994423457456377
390,0.3205612520237453,1.0304022872215741,0.0,0.1978773160640403,59.776938298255075,39.50350782514841,0.5216765605324698
391,0.007195538765965102,0.03439027973648068,0.0,99.64022306170175,0.0,0.3597769382982551,0.0
392,0.027343047310667386,0.11219526310207315,0.0,1.4211189062781076,0.035977693829825505,98.54290339989207,0.0
393,0.0300413743479043,0.12801448756750752,0.0,0.23385500989386582,1.3671523655333693,0.0,98.39899262457277
394,0.003957546321280806,0.024474119855400024,0.0,99.78413383702105,0.017988846914912753,0.16189962223421478,0.035977693829825505
395,0.008634646519158122,0.04616982771462058,0.0,99.51430113329735,0.0,0.4497211728728188,0.035977693829825505
396,0.010073754272351142,0.05056485176874073,0.0,0.1978773160640403,0.3058103975535168,0.0,99.49631228638243
397,0.0032379924446842958,0.018580273701612613,0.0,0.035977693829825505,99.83810037776578,0.0,0.1259219284043893
398,0.048569886670264434,0.18951198496192137,0.0,2.536427415002698,0.17988846914912754,97.28368411584817,0.0
399,0.010793308148947653,0.04842155546262579,0.0,0.0,99.46033459255261,0.0,0.5396654074473827
400,0.3932361935599928,1.215914627552134,0.0,42.4536787191941,3.957546321280806,0.26983270372369134,53.3189422558014
401,0.10541464292138873,0.49645668738584114,0.0,8.724590753732686,0.8454758050008995,0.0,90.42993344126641
402,0.06457996042453679,0.25938908468959093,0.0,3.3459255261737724,0.5036877136175572,96.13239791329376,0.017988846914912753
403,0.006655873358517719,0.0537701586092738,0.0,99.38837920489296,0.0,0.6116207951070336,0.0
404,0.0017988846914912754,0.010398207957936799,0.0,99.91005576542543,0.0,0.08994423457456377,0.0
405,0.013491635186184566,0.10129142872184257,0.0,98.88469149127542,0.035977693829825505,0.46771001978773163,0.6116207951070336
406,0.02194639323619356,0.09395581699868456,0.0,0.053966540744738264,98.86670264436049,0.017988846914912753,1.0613419679798526
407,0.01385141212448282,0.09571675375362262,0.0,98.83072495053067,0.07195538765965101,1.0973196618096779,0.0
408,0.004677100197877316,0.02380919193266687,0.0,0.0,0.23385500989386582,0.0,99.76614499010613
409,0.0028782155063860407,0.017034286908316692,0.0,99.8560892246807,0.053966540744738264,0.08994423457456377,0.0
410,0.28782155063860404,0.9588746590996531,0.0,62.45727648857709,0.035977693829825505,37.50674581759309,0.0
411,0.0061162079510703364,0.0324465781729817,0.0,0.0,99.67620075553157,0.017988846914912753,0.3058103975535168
412,0.0025184385680877856,0.014690951058759928,0.0,0.017988846914912753,99.8740780715956,0.0,0.10793308148947653
413,0.0010793308148947653,0.0066367797358692976,0.0,0.0,0.053966540744738264,99.94603345925526,0.0
414,0.0025184385680877856,0.015032763350519259,0.0,0.0,0.08994423457456377,99.8740780715956,0.035977693829825505
415,0.028422378125562153,0.14654939127659258,0.0,98.00323799244468,0.08994423457456377,1.9068177729807518,0.0
416,0.32146069436949093,0.9847370590395579,0.0,0.1259219284043893,40.13311746717035,0.0,59.740960604425254
417,0.30149307429393774,0.9714298034172028,0.0,0.035977693829825505,38.98183126461594,0.017988846914912753,60.96420219463933
418,0.10433531210649398,0.35217202843288936,0.0,6.296096420219464,0.07195538765965101,93.59597049829105,0.035977693829825505
419,0.013671523655333693,0.06019571855889742,0.0,99.31642381723331,0.017988846914912753,0.6655873358517719,0.0
420,0.011153085087245907,0.053413545724690474,0.0,0.017988846914912753,99.42435689872279,0.017988846914912753,0.5396654074473827
421,0.005756431012772081,0.030939720808048844,0.0,0.035977693829825505,99.7121784493614,0.017988846914912753,0.23385500989386582
422,0.016549739161719732,0.07729509082689255,0.0,99.15452419499911,0.0,0.6296096420219464,0.21586616297895306
423,0.010793308148947653,0.05111218178661808,0.0,0.0,0.5756431012772081,0.0,99.42435689872279
424,0.014031300593631947,0.06284173277168119,0.0,0.0,0.7375427235114229,0.0,99.26245727648858
425,0.003597769382982551,0.02074299119878055,0.0,0.07195538765965101,0.10793308148947653,0.0,99.82011153085088
426,0.06817772980751934,0.4562933736205007,0.0,0.035977693829825505,90.50188882892607,0.0,9.462133477244109
427,0.012052527432991546,0.08986726213557975,0.0,0.10793308148947653,98.93865803202014,0.0,0.9534088864903759
428,0.010433531210649397,0.050917574067265485,0.0,0.017988846914912753,0.5396654074473827,0.0,99.44234574563771
429,0.0028782155063860407,0.016828270173701355,0.0,99.8560892246807,0.0,0.10793308148947653,0.035977693829825505
430,0.0025184385680877856,0.014690951058759928,0.0,99.8740780715956,0.0,0.10793308148947653,0.017988846914912753
431,0.03453858607663249,0.157148816886536,0.0,1.6729627630868862,0.1978773160640403,0.1259219284043893,98.00323799244468
432,0.31840259039395574,0.9997724738775343,0.0,60.01079330814895,0.17988846914912754,0.1259219284043893,39.68339629429754
433,0.007195538765965102,0.03961487188784552,0.0,0.17988846914912754,0.1978773160640403,0.0,99.62223421478683
434,0.0032379924446842958,0.018947577889410133,0.0,0.08994423457456377,0.07195538765965101,0.0,99.83810037776578
