Position,Mutability,Shannon_entropy,Gap_percentage,A_percentage,T_percentage,G_percentage,C_percentage,Element
1,0.3118973829201102,1.019905104166182,50.43044077134986,49.3672520661157,0.0129132231404958,0.1850895316804408,0.0043044077134986,5' unpaired
2,0.3296315426997245,1.0036922305328029,46.34555785123967,53.59418044077135,0.0387396694214876,0.0086088154269972,0.0129132231404958,stem
3,0.4522210743801653,1.5389574982990268,45.68267906336088,26.239669421487605,0.0129132231404958,28.06473829201102,0.0,stem
4,0.0,0.0,0.0,100.0,0.0,0.0,0.0,stem
5,0.0,0.0,0.0,0.0,100.0,0.0,0.0,stem
6,0.0,0.0,0.0,0.0,0.0,100.0,0.0,stem
7,0.0018078512396694,0.0116095004967489,0.0,99.90530303030305,0.0,0.0731749311294765,0.0215220385674931,stem
8,0.0007747933884297,0.0054238290569902,0.0,99.96126033057853,0.0258264462809917,0.0086088154269972,0.0043044077134986,stem
9,0.043689738292011,0.2379645407459286,0.0,0.0043044077134986,96.10451101928376,0.0,3.8911845730027546,stem
10,0.0014634986225895,0.0102026218709338,0.0,0.0344352617079889,0.0344352617079889,0.0086088154269972,99.92252066115702,stem
11,0.0005165289256198,0.0036186452441482,0.0,0.0215220385674931,0.0043044077134986,0.0,99.974173553719,stem
12,0.0015495867768595,0.0103223153562612,0.0,99.92252066115702,0.0215220385674931,0.0215220385674931,0.0344352617079889,multiloop
13,0.0002582644628099,0.0018545280378278,0.0,99.9870867768595,0.0129132231404958,0.0,0.0,multiloop
14,0.0040461432506887,0.0234281145201052,0.0,99.79338842975206,0.0559573002754821,0.0043044077134986,0.1463498622589531,stem
15,0.2734159779614325,0.9821804358490756,0.0,0.0301308539944903,59.01342975206612,0.0172176308539944,40.9392217630854,stem
16,0.0026687327823691,0.0167710557109756,0.0,0.1420454545454545,0.0086088154269972,0.0,99.84934573002757,stem
17,0.0014634986225895,0.0098918745849114,0.0,99.92252066115702,0.0,0.0430440771349862,0.0344352617079889,hairpin loop
18,0.0243199035812672,0.1094974795400033,0.0,98.56663223140497,0.0043044077134986,1.4204545454545454,0.0086088154269972,hairpin loop
19,0.0010330578512396,0.0068910404823274,0.0,99.94834710743802,0.0,0.0215220385674931,0.0301308539944903,hairpin loop
20,0.0044765840220385,0.0241076697343903,0.0,99.77617079889806,0.0172176308539944,0.2023071625344352,0.0043044077134986,hairpin loop
21,0.034392217630854,0.2191288218621893,0.0086088154269972,3.4176997245179064,0.0215220385674931,96.5521694214876,0.0,stem
22,0.0006887052341597,0.0047374485113361,0.0,99.96556473829202,0.0086088154269972,0.0258264462809917,0.0,stem
23,0.0007747933884297,0.0058519424657839,0.0,0.0172176308539944,99.956955922865,0.0,0.0258264462809917,stem
24,0.0073605371900826,0.0416967978210914,0.0,99.56955922865014,0.4046143250688705,0.0129132231404958,0.0129132231404958,multiloop
25,0.0073174931129476,0.0411292426769356,0.0,99.57386363636364,0.0086088154269972,0.0129132231404958,0.4046143250688705,multiloop
26,0.0011191460055096,0.0070712797749667,0.0,0.0043044077134986,99.94404269972452,0.0,0.0516528925619834,multiloop
27,0.0022382920110192,0.0147964279114378,0.0,99.88378099173552,0.0258264462809917,0.0430440771349862,0.0473484848484848,multiloop
28,0.0104166666666666,0.0568577569675418,0.0,99.4016873278237,0.490702479338843,0.1076101928374655,0.0,multiloop
29,0.0102875344352617,0.0565276574380638,0.0,0.0086088154269972,0.1721763085399449,0.3917011019283746,99.42751377410468,multiloop
30,0.3317837465564738,1.2382740791343934,0.0,4.21831955922865,0.3271349862258953,47.658402203856745,47.79614325068871,stem
31,0.0011191460055096,0.007669598237858,0.0,99.94404269972452,0.0086088154269972,0.0215220385674931,0.0258264462809917,stem
32,0.0064566115702479,0.0366117470400789,0.0,0.0043044077134986,99.61690771349862,0.0,0.3787878787878788,stem
33,0.009297520661157,0.0497670453423091,0.0,0.0344352617079889,99.48347107438018,0.0215220385674931,0.4605716253443526,interior loop & bulge
34,0.0096418732782369,0.0531863955895893,0.0,0.1463498622589531,0.3960055096418733,99.45764462809916,0.0,stem
35,0.0071883608815426,0.0411777488688656,0.0,0.0086088154269972,0.0215220385674931,99.57816804407712,0.3917011019283746,stem
36,0.3238205922865014,1.3041323303093062,0.0,7.080750688705234,39.96212121212121,0.2023071625344352,52.75482093663911,stem
37,0.0083505509641873,0.0458459558801091,0.0,0.0344352617079889,99.52221074380164,0.4390495867768595,0.0043044077134986,interior loop & bulge
38,0.0037017906336088,0.0220388091038604,0.0,0.0086088154269972,0.1506542699724518,0.0344352617079889,99.80630165289256,stem
39,0.3107351928374656,1.304753130015963,0.0,6.951618457300275,55.50103305785123,37.09538567493113,0.4519628099173553,stem
40,0.2227100550964187,0.8068964860971732,0.0,24.53942837465565,0.0172176308539944,75.43904958677686,0.0043044077134986,stem
41,0.0098140495867768,0.0554964891416375,0.0,0.0043044077134986,99.41890495867769,0.090392561983471,0.4863980716253443,stem
42,0.3081525482093664,1.0101989031734049,0.0,0.0559573002754821,52.25120523415978,0.0473484848484848,47.64548898071625,stem
43,0.0545798898071625,0.3678106225052915,0.0,6.095041322314049,93.51325757575758,0.3917011019283746,0.0,stem
44,0.3058281680440771,1.000139518910648,0.0,0.0086088154269972,0.0043044077134986,47.56370523415978,52.42338154269972,stem
45,0.0162276170798898,0.0825100477850423,0.0,0.0645661157024793,99.0401170798898,0.0129132231404958,0.8824035812672177,multiloop
46,0.3071194903581267,1.0164641128238396,0.0,47.83918732782369,0.0516528925619834,0.1162190082644628,51.99294077134986,multiloop
47,0.0006026170798898,0.0041371534460166,0.0,0.0,99.96986914600552,0.0043044077134986,0.0258264462809917,multiloop
48,0.3245953856749311,1.2951826364600676,0.0,6.547004132231404,0.2367424242424242,41.04683195592286,52.16942148760331,multiloop
49,0.0543216253443526,0.3631475369371156,0.0,93.1301652892562,0.0215220385674931,6.848312672176308,0.0,multiloop
50,0.0222537878787878,0.1027369994971007,0.0,0.0,1.2956267217630857,0.0215220385674931,98.68285123966942,multiloop
51,0.3018681129476584,1.1224206674192794,0.0,52.22537878787878,1.9800275482093663,0.0430440771349862,45.75154958677686,multiloop
52,0.0043474517906336,0.0302874010517786,0.0,99.73312672176309,0.0258264462809917,0.1291322314049587,0.1119146005509642,multiloop
53,0.0035296143250688,0.0212582165334288,0.0,0.0086088154269972,99.80630165289256,0.0086088154269972,0.1764807162534435,multiloop
54,0.07786673553719,0.4085298536050271,0.0,0.4993112947658402,92.66098484848484,0.0430440771349862,6.796659779614325,multiloop
55,0.3086690771349862,1.0106515403219127,0.0,0.1205234159779614,47.17200413223141,52.70316804407713,0.0043044077134986,stem
56,0.3053116391184573,1.0041554336769605,0.0,0.0301308539944903,0.0129132231404958,47.91666666666667,52.04028925619835,stem
57,0.321797520661157,1.1202461679676317,0.0,46.42734159779614,0.525137741046832,1.175103305785124,51.8724173553719,stem
58,0.0145488980716253,0.0754702379796289,0.0,99.16494490358126,0.0430440771349862,0.7231404958677686,0.0688705234159779,stem
59,0.3068181818181818,0.9981075723553252,0.0,0.0,47.034263085399445,0.0043044077134986,52.96143250688705,stem
60,0.2727703168044077,0.9840862169517574,0.0,59.24586776859504,0.0387396694214876,40.67665289256198,0.0387396694214876,stem
61,0.2763860192837465,0.9866093958773454,0.0,58.41081267217631,0.0215220385674931,41.52892561983471,0.0387396694214876,stem
62,0.2714789944903581,0.977007451084402,0.0,0.0043044077134986,59.14256198347108,0.0043044077134986,40.84882920110193,multiloop
63,0.3220557851239669,1.1039947147026057,0.0,52.02307162534435,46.36707988980716,0.0559573002754821,1.5538911845730028,multiloop
64,0.309142561983471,1.0334482166597474,0.0,47.60244490358127,51.98002754820936,0.4175275482093664,0.0,stem
65,0.2735881542699724,1.0098280416486278,0.0,40.779958677685954,0.0129132231404958,58.832644628099175,0.3744834710743802,stem
66,0.0704201101928374,0.392038025698235,0.0,0.3701790633608816,6.749311294765841,0.0043044077134986,92.87620523415978,stem
67,0.0585829889807162,0.3722371521479128,0.0,0.0301308539944903,93.4529958677686,0.3744834710743802,6.142389807162534,hairpin loop
68,0.0006026170798898,0.0039588773849768,0.0,0.0,99.96986914600552,0.0,0.0301308539944903,hairpin loop
69,0.325068870523416,1.1207234981797014,0.0,47.55079201101928,1.304235537190083,0.4089187327823691,50.73605371900827,hairpin loop
70,0.3208935950413223,1.2572247013039488,0.0,47.45609504132232,47.05578512396694,0.0688705234159779,5.419249311294766,hairpin loop
71,0.0018078512396694,0.0113081793298191,0.0,0.0,99.90099862258953,0.0,0.0990013774104683,hairpin loop
72,0.3289858815426997,1.5285250361011138,0.0,40.9349173553719,5.419249311294766,6.68904958677686,46.95678374655648,hairpin loop
73,0.3076360192837465,1.0143842166257588,0.0,52.397555096418735,47.44748622589532,0.0258264462809917,0.1291322314049587,hairpin loop
74,0.0026687327823691,0.0154845192225355,0.0,0.0,99.85795454545456,0.0,0.1420454545454545,hairpin loop
75,0.2803891184573003,1.0199494994509928,0.0,41.494490358126725,0.4734848484848485,58.02341597796144,0.0086088154269972,stem
76,0.0069731404958677,0.0383308619390845,0.0,0.0,0.0,0.4089187327823691,99.59108126721765,stem
77,0.0068870523415977,0.0379892766396407,0.0,99.59538567493112,0.0,0.4046143250688705,0.0,stem
78,0.0057679063360881,0.0322940982681138,0.0,99.6728650137741,0.0,0.318526170798898,0.0086088154269972,multiloop
79,0.0244490358126721,0.1101914727039007,0.0,98.56232782369146,0.0,1.4161501377410468,0.0215220385674931,multiloop
80,0.0136880165289256,0.072187172366351,0.0,0.0043044077134986,99.14772727272728,0.0129132231404958,0.8350550964187328,multiloop
81,0.0635761019283746,0.3936347391636062,0.0,6.577134986225895,92.96229338842976,0.0344352617079889,0.4261363636363636,multiloop
82,0.0013774104683195,0.009627628480942,0.0,0.0645661157024793,0.0129132231404958,99.92252066115702,0.0,multiloop
83,0.306387741046832,1.006222603915558,0.0,0.0086088154269972,0.0602617079889807,47.546487603305785,52.38464187327824,multiloop
84,0.3255853994490358,1.127810256738062,0.0043044077134986,46.16477272727273,0.159263085399449,1.8422865013774103,51.82937327823692,multiloop
85,0.0027548209366391,0.0169136999652843,0.0043044077134986,99.85365013774104,0.0043044077134986,0.1291322314049587,0.0086088154269972,multiloop
86,0.3109934573002755,1.0436372808683287,0.0043044077134986,47.512052341597794,51.96711432506888,0.4476584022038568,0.0688705234159779,multiloop
87,0.0808798209366391,0.4052903649851823,0.0,0.0860881542699724,7.808195592286501,0.0,92.10571625344352,stem
88,0.3615272038567493,1.5253263731913638,0.0,47.52926997245179,27.56542699724518,0.0301308539944903,24.875172176308546,stem
89,0.0011191460055096,0.0070712797749667,0.0,0.0,99.94404269972452,0.0043044077134986,0.0516528925619834,stem
90,0.3265323691460055,1.2691707575738291,0.0,42.02393250688705,6.017561983471074,51.8767217630854,0.0817837465564738,stem
91,0.0348226584022038,0.3336298513163304,0.0,94.02548209366392,0.0215220385674931,5.888429752066116,0.0645661157024793,stem
92,0.0111053719008264,0.0627856214924436,0.0043044077134986,0.0,99.3543388429752,0.3960055096418733,0.2453512396694215,stem
93,0.3236914600550964,1.2909393674224094,0.0043044077134986,52.46212121212122,6.9257920110192845,0.0688705234159779,40.53891184573003,stem
94,0.306215564738292,1.0071087772733287,0.0043044077134986,52.00585399449036,47.92527548209367,0.0473484848484848,0.0172176308539944,stem
95,0.0104166666666666,0.0553300848788498,0.0043044077134986,0.0129132231404958,0.5983126721763086,0.0,99.3844696969697,interior loop & bulge
96,0.318698347107438,1.103598748390621,0.0043044077134986,47.159090909090914,51.46780303030303,0.6413567493112947,0.7274449035812672,stem
97,0.0018078512396694,0.0117573985229014,0.0043044077134986,99.90960743801654,0.0215220385674931,0.0559573002754821,0.0086088154269972,stem
98,0.3090995179063361,1.0343046183461158,0.0043044077134986,0.421831955922865,47.53357438016529,0.0,52.04028925619835,stem
99,0.31241391184573,1.0537916949996435,0.0043044077134986,47.45609504132232,51.8767217630854,0.0860881542699724,0.5767906336088154,stem
100,0.3111656336088154,1.043619982942178,0.0043044077134986,0.5595730027548209,47.56800964187328,51.8681129476584,0.0,stem
101,0.305957300275482,1.0021250450237822,0.0043044077134986,0.0,52.41907713498623,47.55079201101928,0.0258264462809917,stem
102,0.3078942837465565,1.0066071269723804,0.0043044077134986,52.13068181818182,0.0301308539944903,47.8047520661157,0.0301308539944903,multiloop
103,0.2426825068870523,0.8477449933227087,0.0043044077134986,73.07592975206612,0.0258264462809917,26.859504132231404,0.0344352617079889,multiloop
104,0.2786673553719008,1.012956997586959,0.0043044077134986,0.0,41.49018595041322,0.3830922865013774,58.1224173553719,multiloop
105,0.3160726584022038,1.0785202646676568,0.0043044077134986,52.233987603305785,46.72434573002755,0.193698347107438,0.8436639118457301,stem
106,0.3132317493112947,1.0601629361141818,0.0043044077134986,47.512052341597794,51.71315426997245,0.0688705234159779,0.7016184573002755,stem
107,0.3072486225895317,1.008364190157571,0.0043044077134986,0.0774793388429752,52.47073002754821,47.43887741046832,0.0086088154269972,stem
108,0.3251549586776859,1.3268629885874956,0.0043044077134986,0.5337465564738292,6.934400826446281,51.91546143250688,40.6120867768595,stem
109,0.0010330578512396,0.0069989191594399,0.0043044077134986,0.0129132231404958,0.0344352617079889,0.0,99.94834710743802,stem
110,0.0012913223140495,0.0088533509376621,0.0043044077134986,99.93543388429752,0.0129132231404958,0.0344352617079889,0.0129132231404958,hairpin loop
111,0.3097021349862259,0.999769587714898,0.0043044077134986,0.0129132231404958,52.99156336088154,0.0,46.99121900826447,hairpin loop
112,0.009297520661157,0.0505953418381852,0.0043044077134986,0.0473484848484848,99.47486225895317,0.0086088154269972,0.4648760330578512,hairpin loop
113,0.3060003443526171,1.0025930596567512,0.0043044077134986,0.0301308539944903,52.41477272727273,0.0,47.55079201101928,hairpin loop
114,0.3108643250688705,1.043859962120014,0.0043044077134986,47.87792699724518,0.4691804407713498,0.0516528925619834,51.59693526170799,hairpin loop
115,0.0012913223140495,0.0095117149337671,0.0043044077134986,99.92682506887051,0.0043044077134986,0.0559573002754821,0.0086088154269972,hairpin loop
116,0.3068612258953168,1.0122417361284917,0.0043044077134986,52.37172865013774,47.5034435261708,0.0817837465564738,0.0387396694214876,hairpin loop
117,0.3214101239669421,1.3037141295023476,0.0043044077134986,0.5552685950413223,41.53323002754821,51.89393939393939,6.013257575757576,stem
118,0.0015495867768595,0.0115904464370295,0.0129132231404958,0.0387396694214876,0.0215220385674931,0.0129132231404958,99.91391184573004,stem
119,0.0087809917355371,0.0508840650570149,0.0129132231404958,99.50068870523415,0.0258264462809917,0.0860881542699724,0.3744834710743802,stem
120,0.0331439393939393,0.2214721096614333,0.0129132231404958,96.72434573002757,0.0516528925619834,3.069042699724518,0.1420454545454545,stem
121,0.3335915977961432,1.5339309865619672,0.0129132231404958,25.6284435261708,50.85657713498623,0.6284435261707989,22.87362258953168,stem
122,0.3285984848484848,1.354996891426471,0.0129132231404958,51.60123966942148,40.35382231404959,0.8867079889807162,7.145316804407713,multiloop
123,0.0287534435261707,0.1526275035644698,0.3830922865013774,0.7360537190082644,98.27823691460054,0.0086088154269972,0.59400826446281,multiloop
124,0.0223829201101928,0.1167462108861629,0.3830922865013774,0.9857093663911848,0.0043044077134986,98.62689393939394,0.0,multiloop
125,0.3100895316804408,1.0367646135608006,0.387396694214876,52.14789944903582,0.0430440771349862,47.417355371900825,0.0043044077134986,multiloop
126,0.0135158402203856,0.1316014769534914,0.0215220385674931,98.463326446281,0.0301308539944903,1.024449035812672,0.4605716253443526,multiloop
127,0.3143508953168044,1.267359361856765,0.0215220385674931,41.49018595041322,52.397555096418735,6.047692837465565,0.0430440771349862,multiloop
128,0.0354683195592286,0.3675411222102118,0.0129132231404958,0.0559573002754821,93.91356749311296,5.333161157024794,0.684400826446281,multiloop
129,0.0075757575757575,0.0425962266586602,0.0129132231404958,0.2453512396694215,0.1162190082644628,0.0215220385674931,99.60399449035812,multiloop
130,0.0127410468319559,0.0722710919112699,0.0129132231404958,99.28116391184572,0.2152203856749311,0.3917011019283746,0.0990013774104683,multiloop
131,0.0099001377410468,0.0570982369358412,0.0129132231404958,99.3887741046832,0.0215220385674931,0.5595730027548209,0.0172176308539944,multiloop
132,0.3105630165289256,1.0356244951929974,47.56370523415978,0.0602617079889807,0.3228305785123967,0.0172176308539944,52.03598484848485,stem
133,0.3244232093663912,1.1063115074311376,47.56370523415978,0.090392561983471,50.85657713498623,0.0086088154269972,1.4807162534435263,stem
134,0.3087551652892562,1.0233132504407836,47.56370523415978,0.1033057851239669,0.1291322314049587,0.0086088154269972,52.19524793388429,stem
135,0.3140065426997245,1.0763330233262385,47.56370523415978,0.4003099173553718,0.5423553719008265,0.0043044077134986,51.48932506887053,stem
136,0.309142561983471,1.0323011807050897,47.56370523415978,0.0172176308539944,0.3701790633608816,0.0,52.04889807162535,stem
137,0.3136621900826446,1.070897553972971,47.56800964187328,0.3744834710743802,0.4433539944903581,0.0301308539944903,51.58402203856749,stem
138,0.3110365013774104,1.0378051962095445,47.56800964187328,0.1076101928374655,0.3142217630853994,0.0043044077134986,52.00585399449036,interior loop & bulge
139,0.3163309228650138,1.0819310321082387,47.56800964187328,0.0430440771349862,0.5380509641873278,0.421831955922865,51.42906336088154,stem
140,0.305957300275482,1.0037376139491765,47.56370523415978,0.0172176308539944,0.0258264462809917,0.0,52.39325068870524,stem
141,0.0588412534435261,0.3561711628456984,0.0043044077134986,93.29803719008264,0.0086088154269972,6.68904958677686,0.0,stem
142,0.0050792011019283,0.0274917342570256,0.0043044077134986,99.7460399449036,0.0129132231404958,0.2195247933884297,0.0172176308539944,interior loop & bulge
143,0.0238894628099173,0.151102994052527,0.0043044077134986,98.26101928374656,0.2453512396694215,0.9641873278236914,0.525137741046832,stem
144,0.1649449035812672,0.6622613088714415,0.0043044077134986,0.1334366391184573,16.382575757575758,0.0301308539944903,83.4495523415978,stem
145,0.0018939393939393,0.0137644449457788,0.0043044077134986,99.89238980716252,0.0258264462809917,0.0645661157024793,0.0129132231404958,multiloop
146,0.3134900137741047,1.0578778062899763,0.7102272727272727,52.40616391184573,46.83195592286501,0.0344352617079889,0.0172176308539944,multiloop
147,0.3157283057851239,1.074348254495752,0.7102272727272727,0.0473484848484848,0.1807851239669421,46.82334710743802,52.23829201101928,multiloop
148,0.0163567493112947,0.0865861531715031,0.7102272727272727,0.0172176308539944,0.228133608815427,0.0,99.0444214876033,multiloop
149,0.0132575757575757,0.0724222225590296,0.7102272727272727,99.19938016528926,0.0043044077134986,0.0344352617079889,0.0516528925619834,multiloop
150,0.0158832644628099,0.0871603913442325,0.7102272727272727,99.0573347107438,0.0516528925619834,0.1635674931129476,0.0172176308539944,multiloop
151,0.3260588842975206,1.3470148467459475,0.7102272727272727,0.1807851239669421,40.53460743801653,51.89824380165289,6.676136363636363,multiloop
152,0.3337637741046832,1.248407968352117,0.7102272727272727,3.912706611570248,51.8767217630854,0.0086088154269972,43.49173553719009,multiloop
153,0.321840564738292,1.0867704383227084,0.7102272727272727,50.91683884297521,0.0,47.97262396694215,0.4003099173553718,multiloop
154,0.0419679752066115,0.1907804314352014,0.7102272727272727,97.55079201101928,0.0129132231404958,1.6916322314049586,0.0344352617079889,multiloop
155,0.309443870523416,1.0405581257808172,47.55079201101928,0.3917011019283746,51.98002754820936,0.0172176308539944,0.0602617079889807,multiloop
156,0.3082816804407713,1.02329601396431,47.55079201101928,0.1807851239669421,0.0516528925619834,52.20385674931129,0.0129132231404958,multiloop
157,0.3072055785123967,1.0107566188347517,47.55079201101928,0.0172176308539944,0.090392561983471,0.0043044077134986,52.33729338842975,multiloop
158,0.3116391184573003,1.0593632626594984,47.56800964187328,0.0387396694214876,51.65289256198346,0.0043044077134986,0.7360537190082644,stem
159,0.3166322314049586,1.0714574751775718,47.951101928374655,0.9211432506887052,0.0516528925619834,51.07610192837465,0.0,stem
160,0.3052685950413223,1.0021636790004067,47.951101928374655,0.0043044077134986,52.02307162534435,0.0,0.0215220385674931,stem
161,0.306086432506887,1.0075719940083192,47.951101928374655,0.0688705234159779,0.0086088154269972,51.97141873278237,0.0,stem
162,0.306215564738292,1.0091891482180957,47.951101928374655,0.0086088154269972,51.954201101928376,0.0,0.0860881542699724,stem
163,0.306129476584022,1.00719262518416,47.951101928374655,0.0473484848484848,0.0086088154269972,51.98002754820936,0.0129132231404958,interior loop & bulge
164,0.305957300275482,1.0036364246555658,47.56800964187328,52.38894628099173,0.0,0.0344352617079889,0.0086088154269972,interior loop & bulge
165,0.01545282369146,0.0866056671229869,0.7274449035812672,99.0487258953168,0.0129132231404958,0.193698347107438,0.0172176308539944,interior loop & bulge
166,0.32795282369146,1.1702424756815286,0.7274449035812672,1.5625,0.1893939393939394,45.66546143250689,51.85519972451791,stem
167,0.062370867768595,0.4196093785834133,0.7274449035812672,6.15530303030303,0.1893939393939394,0.0387396694214876,92.88911845730028,stem
168,0.2785382231404958,1.0391705912925726,0.7274449035812672,58.02772038567493,0.0430440771349862,41.201790633608816,0.0,stem
169,0.3165461432506887,1.0845312981152917,0.7274449035812672,52.13068181818182,46.79752066115703,0.2926997245179063,0.0516528925619834,stem
170,0.0246212121212121,0.1335232457245597,0.7274449035812672,0.159263085399449,0.6026170798898072,0.0086088154269972,98.50206611570248,stem
171,0.0472193526170798,0.2394001482259289,0.7274449035812672,96.81043388429752,2.28133608815427,0.1291322314049587,0.0516528925619834,stem
172,0.3146952479338843,1.0657557288239026,0.7274449035812672,52.32868457300276,46.82334710743802,0.0946969696969697,0.0258264462809917,stem
173,0.0727875344352617,0.4211540531779619,0.7231404958677686,0.0430440771349862,92.5576790633609,0.0086088154269972,6.667527548209367,interior loop & bulge
174,0.0152806473829201,0.0811543136017451,0.7231404958677686,99.10037878787878,0.0129132231404958,0.1635674931129476,0.0,interior loop & bulge
175,0.3171918044077135,1.0759758577323084,0.7231404958677686,52.26411845730028,0.1420454545454545,0.090392561983471,46.78030303030303,interior loop & bulge
176,0.0594008264462809,0.4119573878951119,0.7231404958677686,6.0606060606060606,93.01825068870524,0.0086088154269972,0.1893939393939394,interior loop & bulge
177,0.3190857438016529,1.0925796978483115,1.084710743801653,51.89824380165289,46.83626033057851,0.0645661157024793,0.1162190082644628,interior loop & bulge
178,0.0145058539944903,0.0776708410733858,0.7188360881542699,0.1420454545454545,0.0043044077134986,99.13481404958677,0.0,stem
179,0.0128701790633608,0.0696048774167611,0.7188360881542699,99.22090220385677,0.0043044077134986,0.0301308539944903,0.0258264462809917,stem
180,0.0378357438016528,0.1784933460857894,0.7188360881542699,97.71435950413225,0.0,1.5581955922865014,0.0086088154269972,interior loop & bulge
181,0.0129562672176308,0.0701036157914145,0.7188360881542699,99.21659779614323,0.0043044077134986,0.0344352617079889,0.0258264462809917,interior loop & bulge
182,0.3180526859504132,1.0871897268825164,0.7188360881542699,47.06869834710744,0.0086088154269972,51.80785123966943,0.3960055096418733,interior loop & bulge
183,0.3205922865013774,1.1122762364547911,0.7188360881542699,51.98433195592287,0.2496556473829201,0.456267217630854,46.590909090909086,interior loop & bulge
184,0.012267561983471,0.0664862786061365,0.7188360881542699,99.24672865013774,0.0086088154269972,0.0086088154269972,0.0172176308539944,interior loop & bulge
185,0.0552685950413223,0.3903745171555102,0.7188360881542699,93.27651515151516,0.0086088154269972,5.987431129476584,0.0086088154269972,stem
186,0.0290977961432506,0.1500220040621143,0.7188360881542699,0.1162190082644628,0.8953168044077136,0.0129132231404958,98.25671487603306,stem
187,0.0135158402203856,0.0723209268589963,0.7403581267217632,99.18646694214875,0.0043044077134986,0.0602617079889807,0.0086088154269972,stem
188,0.3144800275482093,1.060425957049718,0.7403581267217632,0.0387396694214876,52.22107438016529,0.0172176308539944,46.98261019283746,stem
189,0.0266442837465564,0.1337533120761418,1.127754820936639,98.446108815427,0.0172176308539944,0.2496556473829201,0.159263085399449,stem
190,0.3180526859504132,1.091629536062147,1.127754820936639,52.01876721763086,46.68991046831955,0.0,0.1635674931129476,stem
191,0.0209624655647382,0.1087821227305655,1.127754820936639,0.1721763085399449,0.0043044077134986,0.0043044077134986,98.6914600550964,stem
192,0.0224259641873278,0.1110421849696983,1.127754820936639,98.68285123966942,0.0516528925619834,0.1291322314049587,0.0086088154269972,interior loop & bulge
193,0.0750688705234159,0.4853878291914377,1.127754820936639,0.649965564738292,0.2453512396694215,92.24345730027548,5.733471074380166,stem
194,0.0192837465564738,0.0944753538943194,1.127754820936639,98.83350550964188,0.0172176308539944,0.0215220385674931,0.0,stem
195,0.3194731404958678,1.1000912158760658,1.127754820936639,0.2453512396694215,0.0129132231404958,51.79924242424242,46.81473829201102,stem
196,0.0241477272727272,0.1202255025607477,1.106232782369146,98.58815426997243,0.0645661157024793,0.2367424242424242,0.0043044077134986,stem
197,0.0209194214876033,0.103698951648925,1.106232782369146,0.0043044077134986,98.75602617079888,0.0129132231404958,0.1205234159779614,stem
198,0.0275912534435261,0.151637183949444,1.106232782369146,98.19645316804409,0.6198347107438017,0.0645661157024793,0.0129132231404958,stem
199,0.0316804407713498,0.1532913974578502,1.1234504132231409,0.6370523415977961,0.0688705234159779,98.1663223140496,0.0043044077134986,stem
200,0.0190685261707988,0.093362263697451,1.127754820936639,0.0,98.84211432506888,0.0086088154269972,0.0215220385674931,stem
201,0.3231749311294766,1.131685918819074,1.127754820936639,0.2238292011019284,46.38429752066116,51.83798209366392,0.4261363636363636,stem
202,0.3180957300275482,1.0922224558951743,1.127754820936639,46.79752066115703,51.91546143250688,0.0172176308539944,0.1420454545454545,stem
203,0.0288395316804407,0.1669661391611037,1.127754820936639,97.98123278236916,0.0086088154269972,0.8049242424242424,0.0774793388429752,interior loop & bulge
204,0.2804321625344352,1.0646934954281615,1.127754820936639,0.0086088154269972,56.71918044077135,0.0086088154269972,42.13584710743802,stem
205,0.3394025482093664,1.5508437109672062,0.421831955922865,47.4991391184573,29.84676308539945,0.0430440771349862,22.1892217630854,stem
206,0.0087379476584022,0.0489712247742011,0.4175275482093664,0.0086088154269972,99.50068870523415,0.0,0.0731749311294765,stem
207,0.3398329889807162,1.404403855480917,0.0215220385674931,2.3415977961432506,6.15530303030303,49.6943870523416,41.78719008264463,stem
208,0.0018508953168044,0.0127877948645946,0.0215220385674931,99.90099862258953,0.0043044077134986,0.0602617079889807,0.0129132231404958,stem
209,0.3182679063360881,1.2828337252549669,0.0215220385674931,6.318870523415978,0.12482782369146,41.33522727272727,52.1995523415978,stem
210,0.0127410468319559,0.0953487331092067,0.0129132231404958,0.1721763085399449,0.9168388429752068,0.0,98.89807162534436,stem
211,0.0007317493112947,0.0062287885187351,0.0129132231404958,99.956955922865,0.0172176308539944,0.0086088154269972,0.0043044077134986,multiloop
212,0.0021952479338842,0.0145623716958066,0.0129132231404958,99.88378099173552,0.0086088154269972,0.0817837465564738,0.0129132231404958,multiloop
213,0.0222537878787878,0.100330770334373,0.0129132231404958,0.0043044077134986,1.2525826446280992,0.0043044077134986,98.7258953168044,multiloop
214,0.0015926308539944,0.0107680399713606,0.0129132231404958,99.91391184573004,0.0043044077134986,0.0688705234159779,0.0,multiloop
215,0.0344783057851239,0.1497779660473877,0.0129132231404958,0.3013085399449036,1.6012396694214874,0.0,98.08453856749313,multiloop
216,0.0696022727272727,0.3994185948814172,0.0129132231404958,0.2066115702479339,7.283057851239668,0.0,92.49741735537192,multiloop
217,0.0068009641873278,0.0394494281512064,0.0,99.59969008264464,0.0215220385674931,0.0086088154269972,0.3701790633608816,multiloop
218,0.012396694214876,0.0662847313665905,0.0,0.4261363636363636,0.2582644628099174,0.0043044077134986,99.31129476584022,stem
219,0.3138774104683196,1.0421061261814932,0.0,0.5208333333333333,47.52926997245179,0.0129132231404958,51.93698347107439,stem
220,0.1981749311294766,0.9438781889053708,0.0,64.11415289256198,0.0172176308539944,35.868629476584026,0.0,interior loop & bulge
221,0.3195161845730027,1.0970869069288516,0.0,1.403236914600551,52.397555096418735,46.130337465564736,0.0688705234159779,stem
222,0.0327565426997245,0.1421259051780955,0.0,98.0802341597796,0.0344352617079889,1.8465909090909087,0.0387396694214876,stem
223,0.3035037878787879,1.1826132062438082,0.0,3.878271349862259,0.0043044077134986,55.32885674931129,40.78856749311295,stem
224,0.002840909090909,0.0180404801830967,0.0,99.84934573002757,0.0731749311294765,0.0731749311294765,0.0043044077134986,stem
225,0.0318526170798898,0.139169243719,0.0,1.622761707988981,0.0645661157024793,98.20936639118456,0.1033057851239669,stem
226,0.321754476584022,1.3266731019308975,0.0,52.16511707988981,40.228994490358126,7.128099173553719,0.477789256198347,stem
227,0.2888688016528926,1.195577475291052,0.0,54.54115013774105,0.0645661157024793,3.977272727272727,41.41701101928375,stem
228,0.3207644628099173,1.3179659424352954,0.0,41.97227961432507,0.7360537190082644,51.20953856749312,6.082128099173554,stem
229,0.0777806473829201,0.3980143090951635,0.0,7.71780303030303,0.0473484848484848,92.23484848484848,0.0,stem
230,0.2789256198347107,1.024313844854607,0.0,58.17837465564738,41.30509641873278,0.421831955922865,0.0946969696969697,multiloop
231,0.2801308539944903,0.9874759827953395,0.0,58.04063360881543,0.0344352617079889,41.90771349862259,0.0172176308539944,multiloop
232,0.2774621212121212,0.987694971410588,0.0,58.46676997245179,0.0344352617079889,41.460055096418735,0.0387396694214876,multiloop
233,0.1788911845730027,0.7282713133772303,0.0,0.2109159779614325,80.72916666666666,0.0430440771349862,19.016873278236915,multiloop
234,0.3294593663911845,1.15492010920727,0.0086088154269972,52.397555096418735,45.27806473829201,1.485020661157025,0.8307506887052343,multiloop
235,0.037448347107438,0.1789460375990817,0.0086088154269972,0.3917011019283746,97.64118457300276,0.0215220385674931,1.9369834710743803,stem
236,0.3065599173553719,1.009008353906604,0.0086088154269972,0.0516528925619834,0.0301308539944903,52.39325068870524,47.51635674931129,stem
237,0.0783402203856749,0.4745191037099128,0.4003099173553718,6.895661157024794,0.8737947658402203,0.0301308539944903,91.80010330578511,stem
238,0.3158574380165289,1.0939156487647792,0.4003099173553718,0.525137741046832,0.2152203856749311,46.97400137741047,51.8853305785124,hairpin loop
239,0.3111656336088154,1.04005899202687,0.4003099173553718,0.0473484848484848,47.31835399449036,0.0215220385674931,52.212465564738295,hairpin loop
240,0.3407369146005509,1.2042716602146617,0.4003099173553718,0.9340564738292012,1.6571969696969695,46.49190771349862,50.51652892561983,hairpin loop
241,0.009082300275482,0.0545690576351958,0.4003099173553718,99.44903581267218,0.0,0.1377410468319559,0.0129132231404958,hairpin loop
242,0.0601325757575757,0.4084983818221439,0.4003099173553718,92.7944214876033,0.0559573002754821,0.1076101928374655,6.641701101928375,hairpin loop
243,0.012396694214876,0.0695897237274722,0.4003099173553718,99.31559917355372,0.0344352617079889,0.1635674931129476,0.0860881542699724,hairpin loop
244,0.3221418732782369,1.0874197284368483,0.4003099173553718,0.525137741046832,47.77462121212121,0.12482782369146,51.17510330578512,hairpin loop
245,0.2353650137741046,0.9916123554961842,0.4003099173553718,0.0430440771349862,62.53013085399449,0.0043044077134986,37.02221074380165,hairpin loop
246,0.0608212809917355,0.3970169182379693,0.0086088154269972,92.91064049586775,0.0602617079889807,6.628787878787879,0.3917011019283746,hairpin loop
247,0.0163997933884297,0.0787112668346777,0.0086088154269972,0.8221418732782368,0.0731749311294765,99.09607438016528,0.0,stem
248,0.0170024104683195,0.1184805408967736,0.0086088154269972,0.0774793388429752,0.9082300275482094,0.3486570247933884,98.65702479338844,stem
249,0.321668388429752,1.2883716648038963,0.0043044077134986,52.41046831955924,0.421831955922865,41.330922865013775,5.8324724517906334,stem
250,0.0111914600550964,0.0541107887170942,0.0043044077134986,0.6069214876033058,0.0,99.3887741046832,0.0,multiloop
251,0.3066890495867768,1.0095439081258737,47.55940082644628,52.34159779614325,0.0,0.0688705234159779,0.0301308539944903,multiloop
252,0.3096590909090909,1.0396433241198644,47.55940082644628,51.98863636363637,0.3658746556473829,0.0645661157024793,0.0215220385674931,multiloop
253,0.3054838154269972,0.9994871663539868,47.55940082644628,0.0,52.431990358126725,0.0,0.0086088154269972,multiloop
254,0.309357782369146,1.0351794750237973,47.55940082644628,51.99724517906336,0.4433539944903581,0.0,0.0,multiloop
255,0.3083677685950413,1.018101797637481,47.55940082644628,0.0,0.2109159779614325,0.0,52.22968319559229,multiloop
256,0.306043388429752,1.0041843481045811,47.55940082644628,52.38894628099173,0.0,0.0,0.0516528925619834,multiloop
257,0.0083505509641873,0.0459435880300224,0.0043044077134986,0.4433539944903581,0.0215220385674931,99.52221074380164,0.0086088154269972,multiloop
258,0.3168904958677686,1.086492207195504,0.0043044077134986,51.536673553719005,0.4950068870523416,0.6026170798898072,47.36139807162535,multiloop
259,0.0018078512396694,0.0114868818566769,0.0043044077134986,99.90960743801654,0.0086088154269972,0.0688705234159779,0.0086088154269972,multiloop
260,0.0048209366391184,0.0276822901507663,0.0129132231404958,99.75464876033058,0.0301308539944903,0.1850895316804408,0.0172176308539944,multiloop
261,0.0226411845730027,0.109846320715015,0.0129132231404958,0.0215220385674931,98.7000688705234,0.1678719008264463,1.0976239669421488,multiloop
262,0.0009469696969696,0.0071860969980072,0.0129132231404958,0.0043044077134986,99.94834710743802,0.0043044077134986,0.0301308539944903,multiloop
263,0.3095730027548209,1.0374187480617898,0.0129132231404958,0.0,0.4519628099173553,52.04028925619835,47.4948347107438,stem
264,0.3212379476584022,1.3170737736549585,0.0129132231404958,7.097968319559228,0.318526170798898,52.139290633608816,40.43130165289256,stem
265,0.0078340220385674,0.0441440118539284,0.0129132231404958,0.4003099173553718,99.55234159779614,0.0043044077134986,0.0301308539944903,stem
266,0.0012913223140495,0.0082393417044282,0.0129132231404958,0.0,0.0516528925619834,0.0,99.93543388429752,hairpin loop
267,0.3121556473829201,1.0538282185135155,0.0129132231404958,52.01446280991735,47.29252754820937,0.0301308539944903,0.649965564738292,hairpin loop
268,0.3055268595041322,0.9989390462265688,47.56800964187328,52.42768595041323,0.0,0.0043044077134986,0.0,hairpin loop
269,0.3056990358126721,1.000026973167706,47.56800964187328,52.41907713498623,0.0,0.0129132231404958,0.0,hairpin loop
270,0.3290719696969697,1.4556441142150305,47.55940082644628,37.1814738292011,0.0043044077134986,15.25051652892562,0.0043044077134986,stem
271,0.3084108126721763,1.0325071933135723,47.55940082644628,0.0215220385674931,0.0043044077134986,0.3572658402203857,52.05750688705234,stem
272,0.3087121212121212,1.034335229850485,47.55940082644628,0.0172176308539944,0.0129132231404958,0.3744834710743802,52.03598484848485,stem
273,0.3117682506887052,1.0464852614100562,47.55940082644628,0.3917011019283746,0.12482782369146,51.90685261707989,0.0172176308539944,stem
274,0.3053546831955923,0.9982806272330887,47.55940082644628,0.0,0.0,0.0,52.440599173553714,stem
275,0.3086690771349862,1.0333948564373932,47.55940082644628,52.03168044077135,0.4003099173553718,0.0086088154269972,0.0,stem
276,0.3152548209366391,1.0738123798963444,47.55940082644628,51.52376033057852,0.0,0.5509641873278237,0.3658746556473829,stem
277,0.0,0.0,0.0,0.0,100.0,0.0,0.0,interior loop & bulge
278,0.0,0.0,0.0,0.0,0.0,100.0,0.0,interior loop & bulge
279,0.2798295454545454,0.9769923574072502,0.0,0.0,58.90581955922865,0.0,41.09418044077135,interior loop & bulge
280,0.3340650826446281,1.5602127332312836,0.0,7.076446280991736,6.077823691460056,45.06284435261709,41.78288567493113,interior loop & bulge
281,0.3622589531680441,1.5177763209541504,0.0,20.695592286501377,0.0602617079889807,32.72641184573003,46.517734159779614,stem
282,0.3147382920110192,1.136887704228338,0.0,2.3329889807162534,47.25809228650138,0.0086088154269972,50.400309917355365,stem
283,0.2720816115702479,0.9780968738959944,0.0,59.14256198347108,0.0086088154269972,40.84022038567493,0.0086088154269972,hairpin loop
284,0.0008608815426997,0.0058133492774127,0.0,0.0,99.956955922865,0.0129132231404958,0.0301308539944903,hairpin loop
285,0.0726153581267217,0.4159210848640473,0.0,0.4003099173553718,92.29080578512396,0.0129132231404958,7.295971074380166,hairpin loop
286,0.0064135674931129,0.0434667868862392,0.0,99.57816804407712,0.0,0.2496556473829201,0.1721763085399449,hairpin loop
287,0.3137052341597796,1.0579453951287432,0.0,0.753271349862259,0.0258264462809917,47.21935261707989,52.00154958677686,hairpin loop
288,0.31241391184573,1.0507753868653074,0.0,52.01015840220386,47.38292011019284,0.1549586776859504,0.4519628099173553,hairpin loop
289,0.0086949035812672,0.0484272772313075,0.0,0.1076101928374655,0.3830922865013774,99.50929752066116,0.0,stem
290,0.0065426997245179,0.0362712557816454,0.0,0.0,0.0,99.61690771349862,0.3830922865013774,stem
291,0.0365874655647382,0.1688761145440465,0.0,97.8391873278237,0.1334366391184573,1.7648071625344357,0.262568870523416,interior loop & bulge
292,8.608815426997245e-05,0.0006864019339144,0.0,0.0043044077134986,99.99569559228652,0.0,0.0,interior loop & bulge
293,0.3050964187327823,0.9994240337224136,0.0,0.0,52.05320247933884,47.94249311294766,0.0043044077134986,stem
294,0.3067320936639118,1.0118153855217693,0.0,0.0,51.92837465564738,47.94249311294766,0.1291322314049587,stem
295,0.0072314049586776,0.0410717839944483,0.0,0.0172176308539944,0.0172176308539944,99.58247245179064,0.3830922865013774,stem
296,0.0086088154269972,0.0484272772313075,0.0,0.3830922865013774,0.1076101928374655,0.0,99.50929752066116,stem
297,0.3125,1.0487669460738194,0.0,51.99724517906336,47.38722451790633,0.0473484848484848,0.5681818181818182,multiloop
298,0.3142217630853994,1.061491588635568,0.0,47.09882920110193,0.0129132231404958,0.8393595041322314,52.04889807162535,multiloop
299,0.3052685950413223,0.9994035138095008,0.0,0.0043044077134986,47.92527548209367,0.0,52.07042011019284,stem
300,0.3167183195592286,1.0686363768660694,0.0,47.671315426997246,51.47641184573003,0.2453512396694215,0.6069214876033058,stem
301,0.0096849173553719,0.0547665414275779,0.0,0.0215220385674931,99.3930785123967,0.0,0.5853994490358126,stem
302,0.3051825068870523,0.9999478149077432,0.0,47.912362258953166,52.07902892561983,0.0086088154269972,0.0,stem
303,0.1396349862258953,0.6950381531251189,0.0,0.0516528925619834,18.37121212121212,0.0043044077134986,81.5728305785124,stem
304,0.3087551652892562,1.0324870387686926,0.0043044077134986,47.53357438016529,52.07472451790633,0.3787878787878788,0.0086088154269972,stem
305,0.2745781680440771,0.9831836977514604,0.0043044077134986,0.0129132231404958,0.0,41.85606060606061,58.1267217630854,stem
306,0.0750258264462809,0.4610295597421259,0.0043044077134986,6.305957300275482,92.230544077135,0.4003099173553718,1.0588842975206612,stem
307,0.0002582644628099,0.0030876303200443,0.0043044077134986,99.9784779614325,0.0,0.0,0.0172176308539944,stem
