Position,Mutability,Shannon_entropy,Gap_percentage,A_percentage,T_percentage,G_percentage,C_percentage,Element
1,0.4372345846781043,1.5052300045166986,50.334635637846105,23.118736198403266,26.44810599626296,0.0373704773229149,0.0611516901647698,5' unpaired
2,0.4402921691863428,1.5560631769463222,50.05605571598437,23.34975369458128,0.8799048751486327,0.0203838967215899,25.693901817564125,5' unpaired
3,0.4375403431289281,1.5267031476117725,47.99728214710379,23.699677254968574,28.194326482079155,0.0101919483607949,0.0985221674876847,5' unpaired
4,0.3296076099881094,1.0090155750063612,47.69152369627994,52.21674876847291,0.0169865806013249,0.0713436385255648,0.0033973161202649,5' unpaired
5,0.4375403431289281,1.6177210464820768,47.51826057414642,1.6069305248853405,28.639374893833867,22.085952097842704,0.1494819092916596,5' unpaired
6,0.4361474435196195,1.524349593357785,47.450314251741126,0.0271785289621199,28.534058094105657,0.0033973161202649,23.98505180907084,5' unpaired
7,0.3278070324443689,1.0169964084025231,47.22269407168337,52.600645490062846,0.1121114319687447,0.0509597418039748,0.0135892644810599,5' unpaired
8,0.3258026159334126,1.0156020171398437,46.76065907932733,53.05588585017836,0.0067946322405299,0.1664684898929845,0.0101919483607949,stem
9,0.3302870732121624,1.0434858949735937,46.64515033123832,0.0747409546458298,0.4586376762357737,0.0033973161202649,52.81807372175981,stem
10,6.794632240529981e-05,0.0010387559730977,0.0067946322405299,99.99320536775949,0.0,0.0,0.0,stem
11,0.0001358926448105,0.0046501426722528,0.0067946322405299,0.0,99.96602683879736,0.0271785289621199,0.0,stem
12,0.0001358926448105,0.0046501426722528,0.0067946322405299,0.0,0.0,99.96602683879736,0.0271785289621199,stem
13,0.020859520978427,0.0968695137968641,0.0067946322405299,98.78376082894512,0.0067946322405299,1.1924579582130117,0.0101919483607949,stem
14,0.0023101749617801,0.0146890593863907,0.0067946322405299,99.87769661967046,0.0033973161202649,0.1019194836079497,0.0101919483607949,interior loop & bulge
15,0.0478681841345337,0.3157823520919264,0.4178698827925938,4.647528452522507,0.0373704773229149,94.89043655512144,0.0067946322405299,stem
16,0.2925428911160183,1.0352000166146755,0.4178698827925938,52.68897570918975,0.0101919483607949,46.87277051129608,0.0101919483607949,stem
17,0.0541871921182266,0.3390519011679842,0.4178698827925938,0.5741464243247835,4.161712247324614,0.0,94.846271445558,stem
18,0.3070154577883472,1.136524218069804,0.4178698827925938,47.277051129607614,50.87480890096824,0.2208255478172244,1.209444538814337,stem
19,0.0103957873280108,0.0597111338467167,0.4110752505520639,99.39188041447257,0.0033973161202649,0.1868523866145744,0.0067946322405299,stem
20,0.0487175131645999,0.3294337385881582,0.4110752505520639,4.426702904705283,94.8666553422796,0.0135892644810599,0.2819772379819942,stem
21,0.2947511465941906,1.0653490953043043,0.4110752505520639,47.41973840665874,0.2751826057414642,0.0713436385255648,51.82266009852216,stem
22,0.2967555631051469,1.0872408638690063,0.4110752505520639,52.138610497706814,0.1121114319687447,0.5469678953626634,46.791234924409714,stem
23,0.2883302191268898,1.0023992808584987,47.85799218617292,0.0,52.11143196874469,0.0,0.0305758450823849,stem
24,0.2891455749957533,1.0135588639885127,47.82741634109054,0.0475624256837098,52.04008833021913,0.0067946322405299,0.0781382707660947,stem
25,0.288398165449295,1.0064540411516152,47.82741634109054,0.0713436385255648,0.0,52.1012400203839,0.0,interior loop & bulge
26,0.2879904875148633,1.0040556470961677,47.82741634109054,0.0,0.0373704773229149,0.0067946322405299,52.12841854934601,stem
27,0.3054526923730253,1.0885303891130376,47.85799218617292,0.0509597418039748,50.8883981654493,0.0203838967215899,1.1822660098522169,stem
28,0.2895192797689825,1.0090571467713096,47.85799218617292,0.0033973161202649,52.05028027857992,0.0101919483607949,0.0781382707660947,stem
29,0.2884661117717003,1.0034154769131398,47.89196534737557,0.0,52.07066417530151,0.0305758450823849,0.0067946322405299,stem
30,0.2900628503482249,1.0167979079580525,47.89196534737557,0.1087141158484796,0.0611516901647698,51.93816884661118,0.0,interior loop & bulge
31,0.2905724477662647,1.01713605157347,47.89196534737557,51.92797689825039,0.0271785289621199,0.1528792254119245,0.0,stem
32,0.2884661117717003,1.002332579858728,47.89196534737557,0.0169865806013249,0.0101919483607949,52.08085612366232,0.0,stem
33,0.2881263801596738,1.000213657696387,47.89196534737557,0.0,0.0033973161202649,0.0067946322405299,52.09784270426363,stem
34,0.2916256157635468,1.0225368606974743,47.89196534737557,0.0237812128418549,51.86342789196535,0.0033973161202649,0.2174282316969593,stem
35,0.3073212162391711,1.2108110470062132,47.85799218617292,47.94292508917955,0.0067946322405299,4.185493460166469,0.0067946322405299,stem
36,0.287141158484797,1.0046282197926926,47.446916935620855,0.0,0.0577543740445048,0.0,52.49532869033463,interior loop & bulge
37,0.2889757091897401,1.0181109010804004,47.450314251741126,52.369627993884826,0.0543570579242398,0.0917275352471547,0.0339731612026499,interior loop & bulge
38,0.0168506879565143,0.0922537444659957,0.5095974180397486,0.0067946322405299,98.99439442840156,0.0067946322405299,0.4824188890776287,stem
39,0.2948190929165959,1.064966621345517,0.5095974180397486,46.876167827416346,52.35264141328351,0.1019194836079497,0.1596738576524545,stem
40,0.2776966196704603,1.234594912725231,0.5095974180397486,0.363512824868354,3.213861049770681,42.21505011041277,53.69797859690845,stem
41,0.0162731442160693,0.0912588175855528,0.0033973161202649,0.4246645150331238,99.00798369288262,0.0135892644810599,0.5503652114829285,stem
42,0.044538814336674,0.3077911908800463,0.0033973161202649,95.03652114829283,0.3227450314251741,4.565992865636147,0.0713436385255648,stem
43,0.3015457788347205,1.109933431249175,0.0033973161202649,0.9206726685918124,52.02989638185833,46.46848989298454,0.5775437404450484,stem
44,0.2901307966706302,1.0163747022239638,0.0033973161202649,0.0849329030066247,47.81722439272975,52.01970443349754,0.0747409546458298,stem
45,0.0489213521318158,0.265956251487216,0.0033973161202649,0.0271785289621199,95.55970783081364,0.0101919483607949,4.399524375743162,stem
46,0.0383217258365891,0.1781296560788761,0.0,2.0248004076779345,0.343128928146764,0.0169865806013249,97.61508408357398,stem
47,0.0034652624426702,0.0216171669086046,0.0,0.1223033803295396,99.8165449295057,0.0305758450823849,0.0305758450823849,stem
48,0.0393069475114659,0.1772261253820365,0.0,1.2909801257006963,0.9274673008323424,97.76796330898593,0.0135892644810599,stem
49,0.2978766774248343,1.245165244348229,0.0,0.3193477153049091,4.630541871921182,52.21335145235264,42.836758960421264,stem
50,0.007270256497367,0.0395206012962606,0.0,0.0067946322405299,99.62629522677084,0.1392899609308646,0.2276201800577543,stem
51,0.2960421267198913,1.3957853155238131,0.0,36.45999660268388,52.369627993884826,10.806862578562937,0.363512824868354,interior loop & bulge
52,0.014064888737897,0.0793555960567321,0.0,0.0645490062850348,99.1744521827756,0.4960081535586886,0.2649906573806693,stem
53,0.3011720740614914,1.2832391741264526,0.0,42.23883132325463,52.16239171054866,4.705282826567013,0.8934941396296926,stem
54,0.2768472906403941,1.032598766399026,0.0,0.4892135213181586,42.12671989128589,0.0917275352471547,57.2923390521488,stem
55,0.2914557499575335,1.0153313182435704,0.0,48.2588754883642,0.1358926448105996,51.58484797010362,0.0203838967215899,interior loop & bulge
56,0.0108034652624426,0.0546039542606779,0.0,0.0067946322405299,0.6013249532869034,0.0033973161202649,99.3884830983523,stem
57,0.2925089179548157,1.0502149635917093,0.0,47.44012230338033,51.93816884661118,0.0781382707660947,0.5435705792423985,stem
58,0.2936979785969084,1.0543647328347232,0.0,0.1324953286903346,46.543230847630376,0.5537625276031936,52.770511296076094,stem
59,0.2909121793782911,1.0349311122617346,47.48089009682351,52.09784270426363,0.0101919483607949,0.0101919483607949,0.4008833021912689,stem
60,0.2919653473755733,1.0396280313901316,47.48089009682351,52.01630711737727,0.0,0.4960081535586886,0.0067946322405299,interior loop & bulge
61,0.2959741803974859,1.056037040775512,47.48089009682351,51.775097672838456,0.0,0.720231017496178,0.0237812128418549,interior loop & bulge
62,0.2934261933072872,1.0505258546770446,47.48089009682351,51.93137421437065,0.4042806183115339,0.1732631221335145,0.0101919483607949,interior loop & bulge
63,0.2983183285204688,1.0785348996107216,47.48089009682351,51.56106675726176,0.0339731612026499,0.4926108374384236,0.4314591472736538,interior loop & bulge
64,0.328384576184814,1.546387129423077,47.48089009682351,29.831832852046887,0.3397316120264991,0.0441651095634448,22.303380329539664,interior loop & bulge
65,0.2877866485476473,1.0064741898433895,47.48089009682351,0.0237812128418549,52.45116358077119,0.0033973161202649,0.0407677934431798,stem
66,0.2949210124002038,1.0568876335303,47.48768472906404,0.0305758450823849,51.764905724477664,0.0033973161202649,0.713436385255648,stem
67,0.2875488364192288,1.0062036794764972,47.48768472906404,0.0203838967215899,0.0373704773229149,0.0067946322405299,52.44776626465093,stem
68,0.2873789706132155,1.003953602926693,47.48768472906404,0.0135892644810599,0.0237812128418549,0.0067946322405299,52.46815016137252,stem
69,0.2961780193647019,1.3236441415947595,47.48089009682351,0.4382537795141838,45.462884321386106,0.0305758450823849,6.587395957193817,stem
70,0.2925428911160183,1.042564763799574,47.48089009682351,0.5401732631221335,0.0,51.97214200781383,0.0067946322405299,stem
71,0.3020553762527603,1.1197702605433713,47.48089009682351,0.696449804654323,0.3940886699507389,51.01409886189911,0.4144725666723288,multiloop
72,0.2910820451843044,1.0309889686691245,47.48089009682351,52.15219976218787,0.0237812128418549,0.343128928146764,0.0,multiloop
73,0.2878885680312553,1.010684211963434,47.48089009682351,52.40699847120774,0.0135892644810599,0.0917275352471547,0.0067946322405299,multiloop
74,0.2894513334465772,1.024635718480405,47.48089009682351,52.25411924579581,0.1766604382537795,0.0883302191268897,0.0,multiloop
75,0.0029216918634278,0.0187383304700152,0.0,0.0475624256837098,99.84712077458808,0.0271785289621199,0.0781382707660947,multiloop
76,0.304025819602514,1.1295070459217822,0.0,0.1732631221335145,45.50704943094955,52.42738236792933,1.8923050789876,multiloop
77,0.1189060642092746,0.8552456184082267,0.0,74.22116527942924,0.0169865806013249,25.360964837778155,0.4008833021912689,multiloop
78,0.0206896551724137,0.1134403096141455,0.0,0.5095974180397486,0.1732631221335145,0.5469678953626634,98.77017156446406,stem
79,0.0269067436724987,0.1425474434070842,0.0339731612026499,98.41005605571598,0.3906913538304739,0.8527263461865127,0.3125530830643791,stem
80,0.0475624256837098,0.3209158986783116,0.0339731612026499,94.80210633599457,0.0135892644810599,4.705282826567013,0.4450484117547138,stem
81,0.2311194156616273,0.9656026131509724,0.0339731612026499,0.0373704773229149,37.764565992865634,0.0033973161202649,62.16069305248853,interior loop & bulge
82,0.2970613215559707,1.2411886521149589,0.0339731612026499,52.593850857822325,5.109563444878546,0.0475624256837098,42.21505011041277,interior loop & bulge
83,0.0542891116018345,0.313995149349448,0.0339731612026499,5.4051299473416,0.0373704773229149,94.51333446577203,0.0101919483607949,stem
84,0.0186172923390521,0.1045119147836862,0.0339731612026499,0.4314591472736538,0.6319007983692883,0.0373704773229149,98.8652964158315,stem
85,0.0122643111941566,0.0718300528715082,0.0339731612026499,99.26957703414304,0.5129947341600135,0.1189060642092746,0.0645490062850348,stem
86,0.0245965687107185,0.1340489385528062,0.4110752505520639,0.0169865806013249,0.4756242568370986,0.5571598437234585,98.53915406828604,stem
87,0.299949040258196,1.0885778040896477,0.4110752505520639,47.8410056055716,0.6522846950908782,51.05486665534228,0.0407677934431798,stem
88,0.0068625785629352,0.0408730672005695,0.4110752505520639,0.0169865806013249,0.0,99.5719381688466,0.0,stem
89,0.2908782062170885,1.034635195253929,0.4110752505520639,47.46730083234245,0.0,0.0135892644810599,52.108034652624426,stem
90,0.3022592152199762,1.11994134738869,0.4110752505520639,51.49312043485647,0.4926108374384236,0.6047222694071683,46.99847120774588,hairpin loop
91,0.0153558688635977,0.0879924561417087,0.4110752505520639,99.038559537965,0.0,0.0033973161202649,0.5469678953626634,hairpin loop
92,0.0191268897570918,0.1077873830672993,0.4110752505520639,0.6522846950908782,0.1121114319687447,0.0,98.82452862238831,hairpin loop
93,0.2978427042636317,1.065797876326231,0.4110752505520639,46.91014098861899,0.356718192627824,52.29828435535927,0.0237812128418549,stem
94,0.2978766774248343,1.2650743330074252,0.4110752505520639,5.011041277390861,42.59215219976219,0.0067946322405299,51.97893664005435,stem
95,6.794632240529981e-05,0.0005533519803416,0.0,0.0,99.99660268387971,0.0,0.0033973161202649,stem
96,0.2977068116188211,1.0777841047808412,0.0,46.92712756922032,0.5469678953626634,52.08765075590284,0.4382537795141838,stem
97,0.0003397316120264,0.0026308506045308,0.0,0.0067946322405299,99.98301341939867,0.0067946322405299,0.0033973161202649,stem
98,6.794632240529981e-05,0.0005533519803416,0.0,0.0,0.0033973161202649,99.99660268387971,0.0,stem
99,0.2917275352471547,0.9980491025662396,0.0,0.0,47.07321216239171,0.0033973161202649,52.92339052148802,stem
100,0.2886359775777136,1.0093232561609649,0.0,47.429930355019536,0.0135892644810599,0.0883302191268897,52.46815016137252,interior loop & bulge
101,0.0002038389672158,0.0015921046230226,0.0,0.0,99.9898080516392,0.0033973161202649,0.0067946322405299,stem
102,0.2960421267198913,1.2203177152307223,0.0,46.70969933752336,49.50229318838118,3.0813657210803465,0.7066417530151181,stem
103,6.794632240529981e-05,0.0005533519803416,0.0,0.0,0.0033973161202649,99.99660268387971,0.0,stem
104,0.0001358926448105,0.0010387559730977,0.0,0.0,0.0067946322405299,99.99320536775949,0.0,multiloop
105,0.3077628673348055,1.3694699954929928,0.0,2.870732121623917,42.88771870222524,49.85221674876848,4.389332427382367,stem
106,0.2870052658399864,0.998128423419756,0.0,0.0,47.45371156786139,0.0,52.54628843213861,stem
107,0.0003397316120264,0.0024949579597202,0.0,99.98301341939867,0.0135892644810599,0.0033973161202649,0.0,stem
108,0.2613555291319857,0.985184729132002,0.0,0.0,42.72125021233226,0.0033973161202649,57.27535247154748,hairpin loop
109,0.0006794632240529,0.0045642135058529,0.0,0.0033973161202649,0.0305758450823849,0.0,99.96602683879736,hairpin loop
110,0.0002038389672158,0.0019416126404384,0.0,99.98641073551894,0.0,0.0135892644810599,0.0,hairpin loop
111,0.0020383896721589,0.0130502664047436,0.0,0.0305758450823849,99.8946832002718,0.0033973161202649,0.0713436385255648,stem
112,0.0021742823169695,0.0137188148502753,0.0,0.0509597418039748,0.0611516901647698,99.88788856803126,0.0,stem
113,0.0002038389672158,0.0015921046230226,0.0,0.0,0.0067946322405299,0.0033973161202649,99.9898080516392,stem
114,0.3010361814166808,1.266481226874936,0.0,53.008323424494655,2.0485816205197893,42.235434007134366,2.7076609478511973,multiloop
115,0.2871751316459996,1.0017475274481908,47.48089009682351,0.0203838967215899,0.0067946322405299,52.49193137421437,0.0,stem
116,0.2871071853235943,1.0017864351100807,47.48089009682351,0.0,52.49193137421437,0.0169865806013249,0.0101919483607949,stem
117,0.0595209784270426,0.3385346477528459,0.0033973161202649,93.7591302870732,0.0067946322405299,6.227280448445728,0.0033973161202649,interior loop & bulge
118,0.2954306098182436,1.0615032653758465,0.0033973161202649,47.4435196195006,0.8085612366230679,0.0203838967215899,51.72413793103448,stem
119,0.0022422286393748,0.0172765697460836,0.0033973161202649,0.0475624256837098,0.0883302191268897,0.0033973161202649,99.85731272294886,stem
120,0.0066587395957193,0.0348021430254585,0.0033973161202649,99.65007643961272,0.0101919483607949,0.3329369797859691,0.0033973161202649,hairpin loop
121,0.0003397316120264,0.0024949579597202,0.0033973161202649,99.98301341939867,0.0,0.0135892644810599,0.0,hairpin loop
122,0.2945473076269747,1.2275908672383398,0.0033973161202649,52.51231527093596,42.55138440631901,0.0033973161202649,4.929505690504501,hairpin loop
123,0.3093935790725327,1.0028624130148898,0.0033973161202649,0.0101919483607949,49.69933752335655,0.0067946322405299,50.28027857992187,hairpin loop
124,0.2869033463563785,0.9996557063405446,0.0033973161202649,0.0,0.0067946322405299,52.51571258705623,47.47409546458298,stem
125,0.2728044844572787,0.9998341689962652,0.0033973161202649,43.8525564803805,0.0237812128418549,56.05571598437235,0.0645490062850348,stem
126,0.0076779344317988,0.0395333507115008,0.0033973161202649,99.602514013929,0.0305758450823849,0.360115508748089,0.0033973161202649,interior loop & bulge
127,0.2869712926787837,1.0010644444440049,0.0033973161202649,52.502123322575166,0.0067946322405299,0.0101919483607949,47.47749278070325,stem
128,0.2666893154408017,1.0171223152927724,0.0033973161202649,42.89111601834551,0.2004416510956344,0.1155087480890096,56.78953626634959,stem
129,0.0310174961780193,0.1502097523810428,0.0033973161202649,1.0463733650416172,0.2853745541022592,98.2639714625446,0.4008833021912689,multiloop
130,0.0117547137761168,0.2273810914479799,0.0033973161202649,96.65704093765925,0.0543570579242398,0.2208255478172244,3.064379140479021,multiloop
131,0.2976728384576185,1.079067827494013,0.0033973161202649,0.4722269407168337,52.34584678104297,0.5299813147613386,46.64854764735858,multiloop
132,0.0148122982843553,0.0785144840490727,0.0033973161202649,99.16086291829454,0.0033973161202649,0.3125530830643791,0.5197893664005436,multiloop
133,0.0008833021912688,0.0057319357369003,0.0033973161202649,0.0407677934431798,0.0,99.95583489043656,0.0,stem
134,0.0003397316120264,0.0026987969269361,0.0033973161202649,0.0033973161202649,99.98301341939867,0.0067946322405299,0.0033973161202649,stem
135,0.296653643621539,1.237724250457651,0.0033973161202649,42.2897910650586,4.953286903346356,52.65160523186682,0.1019194836079497,stem
136,0.2868354000339732,0.9996408359326912,0.0033973161202649,52.52590453541702,0.0,47.46390351622218,0.0067946322405299,stem
137,0.0019704433497536,0.0134056013324016,0.0033973161202649,99.88788856803126,0.0033973161202649,0.0985221674876847,0.0067946322405299,hairpin loop
138,0.297333106845592,1.0695412412417225,0.0,52.0332936979786,0.8527263461865127,0.0849329030066247,47.02904705282827,hairpin loop
139,0.0002038389672158,0.0015921046230226,0.0,99.9898080516392,0.0,0.0067946322405299,0.0033973161202649,hairpin loop
140,0.0,0.0,0.0,0.0,0.0,0.0,100.0,hairpin loop
141,0.0055715984372345,0.0306796959849262,0.0,99.718022762018,0.0339731612026499,0.2208255478172244,0.0271785289621199,hairpin loop
142,0.2951588245286224,1.0405959424025977,0.0,52.933582469848815,0.4552403601155087,46.55682011211143,0.0543570579242398,hairpin loop
143,6.794632240529981e-05,0.0005533519803416,0.0,0.0,99.99660268387971,0.0,0.0033973161202649,stem
144,0.2954985561406489,1.045277953929681,0.0,47.48768472906404,0.1528792254119245,0.3737047732291489,51.985731272294885,stem
145,0.2891455749957533,1.0161233978378357,0.0,52.99473416001359,0.1189060642092746,0.0611516901647698,46.82520808561237,stem
146,0.2867334805503652,0.9981632343541068,0.0,0.0,47.47749278070325,0.0,52.52250721929676,stem
147,0.240563954475964,1.1233718614642068,0.0,66.9678953626635,4.970273483947682,28.000679463224053,0.0611516901647698,multiloop
148,0.2903686087990487,1.0008202146256,0.0,51.94156616273145,0.0033973161202649,48.0448445727875,0.0101919483607949,multiloop
149,0.0185493460166468,0.0833808045409184,0.0,98.98759979616104,0.0033973161202649,0.9886189909971124,0.0203838967215899,multiloop
150,0.2937659249193137,1.1473214417952302,0.0,45.52743332767114,51.98912858841516,2.350942755223373,0.1324953286903346,stem
151,0.2883641922880924,1.003274408525502,0.0,47.8511975539324,0.0033973161202649,52.11143196874469,0.0339731612026499,stem
152,0.0098522167487684,0.0540091205724824,0.0,99.39527773059284,0.0,0.5945303210463734,0.0101919483607949,interior loop & bulge
153,0.294513334465772,1.1110065284102888,0.0,0.5809410565653134,0.9240699847120776,47.32121623917106,51.17377271955156,stem
154,0.291116018345507,1.0344414168244933,0.0033973161202649,47.54543910310854,0.0033973161202649,0.4178698827925938,52.02989638185833,stem
155,0.2244946492271105,0.9474976259908474,0.0033973161202649,63.53320876507559,0.0033973161202649,36.45999660268388,0.0,stem
156,0.2955325293018515,1.093909983657006,0.0033973161202649,51.91778494988959,46.78444029216919,0.2208255478172244,1.073551894003737,stem
157,0.2894513334465772,1.0008202146256,0.0,51.94156616273145,0.0033973161202649,48.0448445727875,0.0101919483607949,interior loop & bulge
158,0.0008153558688635,0.0057007055109021,0.0,0.0135892644810599,99.95923220655682,0.0033973161202649,0.0237812128418549,stem
159,0.2989638185833191,1.2545955408932474,0.0,42.34754543910311,52.38321725836589,4.953286903346356,0.3159503991846441,stem
160,0.2869712926787837,1.0035161379496618,0.0,47.429930355019536,0.0067946322405299,52.52590453541702,0.0373704773229149,interior loop & bulge
161,0.2869373195175811,1.0009708522067986,0.0,52.502123322575166,0.0101919483607949,0.0101919483607949,47.47749278070325,interior loop & bulge
162,0.0270766094785119,0.1312302002061005,0.0,98.44063190079837,0.5979276371666384,0.9580431459147274,0.0033973161202649,stem
163,0.000475624256837,0.0034790127042861,0.0,0.0169865806013249,0.0033973161202649,99.97621878715816,0.0033973161202649,stem
164,6.794632240529981e-05,0.0005533519803416,0.0,0.0,99.99660268387971,0.0,0.0033973161202649,interior loop & bulge
165,0.3039918464413114,1.3633753073896533,0.0,42.69407168337014,49.08102598946832,7.395957193816885,0.8289451333446577,interior loop & bulge
166,0.006590793273314,0.0385159204498377,0.0,99.5923220655682,0.0033973161202649,0.4042806183115339,0.0,interior loop & bulge
167,0.0067946322405299,0.0396080481918605,0.0,0.0033973161202649,0.4110752505520639,0.0033973161202649,99.5821301172074,interior loop & bulge
168,0.298012570069645,1.0711049601652325,0.0,47.24307796840496,51.77849498895873,0.0543570579242398,0.9240699847120776,interior loop & bulge
169,0.2868354000339732,0.9995621141033384,0.0,52.51571258705623,0.0101919483607949,0.0,47.47409546458298,interior loop & bulge
170,0.0003397316120264,0.0024949579597202,0.0,99.98301341939867,0.0,0.0135892644810599,0.0033973161202649,interior loop & bulge
171,0.2883302191268898,1.0001084397736704,0.0,0.0169865806013249,52.99813147613386,0.0033973161202649,46.98148462714455,stem
172,0.2870052658399864,0.9977658131070684,0.0,0.0033973161202649,46.91014098861899,53.086461695260745,0.0,stem
173,0.0004076779344317,0.0030906020211998,0.0,0.0067946322405299,0.0101919483607949,0.0033973161202649,99.97961610327842,stem
174,0.022795991166978,0.1170464466704119,0.0,0.3940886699507389,98.6614574486156,0.0509597418039748,0.8934941396296926,stem
175,0.291217937829115,1.039341753278051,0.0,52.65160523186682,0.0067946322405299,46.835400033973166,0.5062001019194836,multiloop
176,0.293154408017666,1.0426522327175425,0.0,0.5741464243247835,46.71649396976389,0.0,52.70935960591133,stem
177,0.0858501783590963,0.4496396926663242,0.0,0.5843383726855783,91.77170035671818,0.1223033803295396,7.521657890266689,stem
178,0.2890776286733481,0.9978057093400716,0.0,46.6859181246815,0.0,53.30728724307797,0.0067946322405299,stem
179,0.0002038389672158,0.0014985123858165,0.0,99.9898080516392,0.0,0.0101919483607949,0.0,interior loop & bulge
180,0.3244436894853066,1.5488383369748908,0.0,1.392899609308646,18.52216748768473,51.15338882282996,28.931544080176657,stem
181,0.1916426023441481,0.8138461453833281,0.0,1.6782741634109053,18.688635977577714,0.0067946322405299,79.62629522677085,stem
182,0.0067946322405299,0.0393071813137108,0.0,0.0,99.57873280108714,0.0,0.4212671989128588,stem
183,0.2879904875148633,1.1746440352285985,0.0,3.1493120434856463,42.39850518090708,54.29930355019535,0.1528792254119245,stem
184,0.2899269577034143,1.0215686336986196,0.0,0.0917275352471547,0.1392899609308646,52.46135552913198,47.30762697469,interior loop & bulge
185,0.0001358926448105,0.001106702295503,0.0,0.0033973161202649,99.99320536775949,0.0,0.0033973161202649,interior loop & bulge
186,0.2819432648207916,1.4348841267691,0.0,26.0845931713946,56.103278410056056,17.57771360625106,0.2344148122982843,stem
187,0.2878885680312553,0.999197154851642,0.0,0.0033973161202649,0.0,47.85799218617292,52.138610497706814,stem
188,0.000475624256837,0.0032058058423881,0.0,99.97621878715816,0.0,0.0237812128418549,0.0,stem
189,0.268116188211313,0.9942961309603154,0.0,43.99184644131137,0.0067946322405299,55.97078308136572,0.0305758450823849,stem
190,0.2846611177170036,1.0312105391457882,0.0,54.69339222014609,0.0407677934431798,44.868354000339735,0.3974859860710039,stem
191,0.1128928146764056,0.6160323258820033,0.0,85.4730762697469,0.1732631221335145,14.306098182435877,0.0475624256837098,stem
192,0.2786478681841345,1.08107169593843,0.0,0.4756242568370986,48.16375063699677,0.5367759470018685,50.82384915916426,stem
193,0.29461525394938,1.0245393952071071,0.0,47.9768982503822,51.764905724477664,0.0747409546458298,0.1834550704943094,stem
194,0.2941396296925428,1.215629312115607,0.0,42.66009852216749,0.1290980125700696,4.239850518090709,52.97095294717173,stem
195,0.3110242908102599,1.3257617504298682,0.0,1.91948360794972,4.447086801426873,41.53218957023951,52.1012400203839,stem
196,0.2962799388483098,1.0505912520440446,0.0,0.6488873789706132,51.71394598267369,0.0135892644810599,47.62357737387464,stem
197,0.2882962459656871,1.0010866489990888,0.0,47.88517071513505,0.0101919483607949,0.0067946322405299,52.09784270426363,interior loop & bulge
198,0.3013759130287073,1.2519239267424285,0.0,52.04348564633939,42.33055885850178,0.0339731612026499,5.591982333956175,interior loop & bulge
199,0.0115508748089009,0.0572395481030473,0.0,99.3613045693902,0.0067946322405299,0.6183115338882282,0.0135892644810599,interior loop & bulge
200,0.3087480890096823,1.452357260783267,0.0,47.47409546458298,37.73738746390352,0.0373704773229149,14.75114659419059,interior loop & bulge
201,0.3009342619330729,1.2347184254047665,0.0,51.89400373704773,4.766434516731781,0.1155087480890096,43.22405299813148,interior loop & bulge
202,0.0116188211313062,0.0679031535791406,0.0,0.3057584508238491,0.0033973161202649,99.29335824698488,0.3974859860710039,stem
203,0.0106335994564294,0.060368612356856,0.0,0.2072362833361644,0.0101919483607949,99.38508578223204,0.3974859860710039,stem
204,0.3105826397146254,1.503474194108393,0.0,21.56616273144216,52.17598097502973,25.856972991336846,0.4008833021912689,stem
205,0.2868693731951758,1.0033828907225204,0.0,51.04127739086122,0.0,48.92814676405639,0.0305758450823849,multiloop
206,0.0262612536096483,0.3538833729506268,0.0,93.46696110073044,0.0543570579242398,6.468489892984543,0.0101919483607949,multiloop
207,0.0161712247324613,0.0801709818417562,0.0,99.01817564124342,0.0,0.9750297265160524,0.0067946322405299,multiloop
208,0.2943434686597588,1.0482264801133223,0.0,52.502123322575166,0.6352981144895533,0.0101919483607949,46.852386614574485,multiloop
209,0.0,0.0,0.0,0.0,100.0,0.0,0.0,multiloop
210,0.0202480040767793,0.1034758881301941,0.0,98.8177339901478,0.0305758450823849,0.2547987090198743,0.8968914557499575,multiloop
211,0.0001358926448105,0.0010387559730977,0.0,0.0067946322405299,99.99320536775949,0.0,0.0,stem
212,6.794632240529981e-05,0.0005533519803416,0.0,0.0,0.0,99.99660268387971,0.0033973161202649,stem
213,0.0444029216918634,0.2776755624019911,0.0,0.0,4.783421097333108,0.0033973161202649,95.21318158654664,stem
214,0.306743672498726,1.2559490282677812,0.0,46.89655172413793,0.5843383726855783,48.28605401732632,4.233055885850178,stem
215,0.0463393918804144,0.3231687446029542,0.0,94.99915067096994,4.277220995413623,0.2717852896211992,0.4518430439952438,interior loop & bulge
216,0.2966876167827416,1.0515336386512055,0.0,47.46730083234245,0.5028027857992186,0.1223033803295396,51.9075930015288,interior loop & bulge
217,0.2877866485476473,1.0077300264262827,47.48089009682351,52.43757431629013,0.0,0.0509597418039748,0.0305758450823849,interior loop & bulge
218,0.2920332936979786,1.041829023245182,47.48089009682351,0.5163920502802786,0.0135892644810599,51.98912858841516,0.0,interior loop & bulge
219,0.2962799388483098,1.0687773883287857,47.48089009682351,0.4212671989128588,51.70035671819263,0.0305758450823849,0.3669101409886189,stem
220,0.2907762867334805,1.0342422831676843,47.48089009682351,0.0101919483607949,0.0,0.4110752505520639,52.09784270426363,stem
221,0.2907423135722779,1.0333610271180529,47.48089009682351,0.0033973161202649,0.0,0.4110752505520639,52.10463733650417,interior loop & bulge
222,0.2959402072362833,1.077901072978753,47.48089009682351,0.0373704773229149,51.57125870562256,0.4008833021912689,0.5095974180397486,stem
223,0.2957363682690674,1.0716832027518357,47.48089009682351,0.4212671989128588,0.4620349923560387,0.0,51.63580771190759,stem
224,0.2869373195175811,1.0009757794609568,47.48089009682351,52.4987260064549,0.0101919483607949,0.0101919483607949,0.0,stem
225,0.2957703414302701,1.207349286459424,47.48089009682351,0.4110752505520639,48.90096823509428,0.0067946322405299,3.200271785289621,stem
226,0.2910140988618991,1.0354263222067597,47.48089009682351,0.4484457278749788,0.0,0.0,52.07066417530151,stem
227,0.293833871241719,1.109831944003144,47.48089009682351,50.82384915916426,0.0577543740445048,1.6375063699677257,0.0,stem
228,0.2967555631051469,1.2076005169608794,47.48089009682351,3.4380839137081702,0.2853745541022592,48.78885680312553,0.0067946322405299,stem
229,0.3012739935450993,1.0692123602348576,47.48089009682351,51.54408017666044,0.0,0.9614404620349924,0.0135892644810599,hairpin loop
230,0.2908102598946832,1.0338144796982385,47.48089009682351,0.0067946322405299,52.1012400203839,0.0,0.4110752505520639,hairpin loop
231,0.2988618990997112,1.0848788492801391,47.48089009682351,0.4246645150331238,0.6522846950908782,0.0033973161202649,51.43876337693223,hairpin loop
232,0.0402581960251401,0.2395289717322902,0.0,0.1800577543740445,2.792593850857822,0.3906913538304739,96.63665704093766,hairpin loop
233,0.0008833021912688,0.0058326934132598,0.0,0.0067946322405299,99.95583489043656,0.0,0.0373704773229149,stem
234,0.2947851197553932,1.061500443525612,0.0,47.00186852386615,52.24392729743502,0.4926108374384236,0.2615933412604043,stem
235,0.2810939357907253,0.9957898405520262,0.0,45.76184813996942,0.0,54.23135722779004,0.0067946322405299,stem
236,0.259962629522677,0.9835771506190502,0.0,57.948021063359946,0.0101919483607949,42.03838967215899,0.0033973161202649,stem
237,0.2938678444029217,1.0560541117166389,0.0,46.730083234244944,52.573466961100735,0.1698658060132495,0.5265839986410735,stem
238,0.0072023101749617,0.0420991105349755,0.0,0.0,0.0203838967215899,99.55834890436556,0.4212671989128588,stem
239,0.0078817733990147,0.0453101212919169,0.0,0.0339731612026499,0.4416510956344488,99.52437574316288,0.0,stem
240,0.2666213691183964,1.0198473094917262,0.0,57.25157125870562,0.0203838967215899,42.33055885850178,0.3974859860710039,interior loop & bulge
241,0.0715814506539833,0.4053828883190515,0.0,7.837608289451333,0.0713436385255648,92.08765075590284,0.0033973161202649,stem
242,0.3143876337693222,1.2264833215027091,0.0,48.41854934601665,47.25326991676575,4.103957873280108,0.2242228639374894,stem
243,0.1342619330728724,0.5356986864046087,0.0,88.97910650586037,0.5028027857992186,10.453541702055375,0.0645490062850348,interior loop & bulge
244,0.2962799388483098,1.0696875005336095,0.0,52.7603193477153,0.1834550704943094,46.32240529981315,0.7338202819772379,interior loop & bulge
245,0.01474435196195,0.0819850236944212,0.0,99.14727365381349,0.5333786308816035,0.2072362833361644,0.1121114319687447,interior loop & bulge
246,0.2720910480720231,1.0234855273501011,0.0,0.4280618311533888,43.33956174622048,0.0,56.23237642262613,interior loop & bulge
247,6.794632240529981e-05,0.0005533519803416,0.0,0.0,99.99660268387971,0.0,0.0033973161202649,stem
248,0.0439612705962289,0.2961969760605372,0.0,4.953286903346356,0.0543570579242398,94.95158824528622,0.0407677934431798,stem
249,0.0279599116697808,0.1422788208607717,0.0,0.5639544759639885,1.0939357907253269,0.0407677934431798,98.3013419398675,stem
250,0.016205197893664,0.0890270413485692,0.0,99.02836758960422,0.5435705792423985,0.4212671989128588,0.0067946322405299,stem
251,0.2968235094275522,1.2469771621053296,0.0,4.477662646509257,42.97265160523187,0.4144725666723288,52.13521318158655,multiloop
252,0.2930185153728554,1.0256811256101377,0.0,52.11143196874469,47.61338542551384,0.0917275352471547,0.1834550704943094,multiloop
253,0.2882282996432818,1.003158760016165,0.0,0.0407677934431798,47.61678274163411,0.0,52.34244946492272,stem
254,0.2946832002717853,1.0568279130526028,0.0,0.7847800237812128,52.50891795481569,46.69950738916256,0.0067946322405299,stem
255,0.2925089179548157,1.0351871781342954,0.0,51.05486665534228,0.0169865806013249,48.53066077798539,0.3974859860710039,stem
256,0.291116018345507,1.0329936878105157,0.0,52.16578902666893,0.0,47.41973840665874,0.4144725666723288,stem
257,0.014846271445558,0.084192420687461,0.0,0.5265839986410735,99.12009512485136,0.0917275352471547,0.2615933412604043,stem
258,0.0249023271615423,0.1233459465490885,0.0,98.525564803805,0.3669101409886189,1.100730422965857,0.0067946322405299,stem
259,0.2874808900968235,1.0039530754123345,0.0,47.39935450993715,0.0135892644810599,52.55308306437914,0.0339731612026499,stem
260,0.0535077288941736,0.3763389383762114,0.0,94.51333446577203,3.241039578732801,0.4416510956344488,1.80397485986071,stem
261,0.007270256497367,0.043340146314131,0.0,0.0101919483607949,99.55495158824527,0.4076779344317989,0.0271785289621199,stem
262,0.0066587395957193,0.0393237776475273,0.0,0.4144725666723288,0.0033973161202649,99.5821301172074,0.0,stem
263,0.2626804824188891,0.9819457154743813,0.0,0.0,42.10633599456429,0.0,57.89366400543571,stem
264,0.3040597927637166,1.078589097986327,0.0,47.79344317988789,51.14659419058943,0.1155087480890096,0.9444538814336674,stem
265,0.2963478851707151,1.2410642944419656,0.0,42.85374554102259,0.1121114319687447,4.990657380669272,52.04348564633939,stem
266,0.2873110242908102,0.998687716297357,0.0,0.0067946322405299,53.1102429081026,0.0033973161202649,46.8795651435366,stem
267,0.0482418889077628,0.3221389401647214,0.0,94.6526244267029,0.0067946322405299,4.943094954985561,0.3974859860710039,interior loop & bulge
268,0.0091048072023101,0.0522992172962683,0.0,0.4178698827925938,99.46322405299811,0.0,0.1189060642092746,stem
269,0.0220485816205197,0.1161716174672564,0.0,0.6556820112111432,98.6614574486156,0.0033973161202649,0.6794632240529982,stem
270,0.0088669950738916,0.0514489048300434,0.0,0.1324953286903346,0.3906913538304739,99.4768133174792,0.0,stem
271,0.0001358926448105,0.001106702295503,0.0,0.0033973161202649,0.0,99.99320536775949,0.0033973161202649,stem
272,6.794632240529981e-05,0.0005533519803416,0.0,0.0033973161202649,0.0,99.99660268387971,0.0,stem
273,0.0876847290640394,0.3290932023046339,0.0,94.14642432478342,0.0407677934431798,5.765245456089689,0.0475624256837098,stem
274,0.2906064209274673,1.0323686945799988,0.0,47.48428741294378,0.0,52.11143196874469,0.4042806183115339,stem
275,0.0069984712077458,0.0412937090223362,0.0,99.56854085272636,0.0,0.0203838967215899,0.4110752505520639,stem
276,0.2710378800747409,1.0193914281619445,0.0,0.3940886699507389,42.66689315440802,0.0067946322405299,56.93222354340072,stem
277,6.794632240529981e-05,0.0005533519803416,0.0,0.0,0.0033973161202649,0.0,99.99660268387971,stem
278,0.0002717852896211,0.0019416126404384,0.0,0.0,0.0135892644810599,0.0,99.98641073551894,stem
279,0.2966196704603363,1.0478032002419675,0.0,47.446916935620855,51.95175811109224,0.0441651095634448,0.5571598437234585,stem
280,0.2919653473755733,1.0461029886428952,0.0,0.5537625276031936,0.0373704773229149,46.916935620859526,52.49193137421437,stem
281,0.0101919483607949,0.0559772360968657,0.0,99.4088669950739,0.5231866825208086,0.0305758450823849,0.0373704773229149,stem
282,0.0663835569899779,0.5319522000801329,0.0,5.649736708000679,3.516222184474265,90.820451843044,0.0135892644810599,stem
283,6.794632240529981e-05,0.0005533519803416,0.0,0.0,99.99660268387971,0.0033973161202649,0.0,stem
284,0.0,0.0,0.0,0.0,0.0,100.0,0.0,interior loop & bulge
285,0.0417530151180567,0.2758083629325352,0.0,0.0,95.2641413283506,0.0067946322405299,4.729064039408867,stem
286,0.0003397316120264,0.0024949579597202,0.0,0.0135892644810599,0.0033973161202649,99.98301341939867,0.0,stem
287,0.001834550704943,0.0113875253930268,0.0,99.90487514863258,0.0101919483607949,0.0849329030066247,0.0,interior loop & bulge
288,0.2695090878206217,1.049908323596402,0.0,0.5605571598437235,51.13640224222864,0.0543570579242398,48.2486835400034,stem
289,0.2947851197553932,1.0331395568413468,0.0,47.32121623917106,0.0033973161202649,52.26431119415662,0.4110752505520639,stem
290,0.3055206386954306,1.1215887322056133,0.0,1.025989468320027,0.6658739595719382,51.50670969933753,46.80142687277051,stem
291,0.2981484627144555,1.0850509422657044,0.0,1.2468150161372515,47.49447936130457,0.0135892644810599,51.24511635807711,stem
292,0.2942415491761508,1.217758770032587,0.0,0.0577543740445048,52.50552063869544,4.453881433667402,42.982843553592666,stem
293,0.041820961440462,0.301115336653835,0.0,4.627144555800918,95.0704943094955,0.0271785289621199,0.2751826057414642,stem
294,0.250552063869543,0.9851568126751202,0.0,0.0985221674876847,40.65228469509088,0.0,59.24919313742144,stem
295,0.0400203838967215,0.2814659458333857,0.0,0.1087141158484796,4.511635807711908,0.0305758450823849,95.34907423135722,multiloop
296,0.045116358077119,0.2954568099770348,0.0,95.05690504501445,4.783421097333108,0.1189060642092746,0.0407677934431798,multiloop
297,0.2895532529301851,1.016870235128111,0.0,52.93018515372856,0.0203838967215899,0.1766604382537795,46.87277051129608,multiloop
298,0.055206386954306,0.3722382540199401,0.0,94.33667402751826,0.6352981144895533,0.713436385255648,4.314591472736538,multiloop
299,0.2638355698997792,0.9978933653836066,0.0,56.9627993884831,0.0951248513674197,42.92508917954816,0.0169865806013249,multiloop
300,0.2990997112281298,1.241798652219544,0.0,4.773229148972312,49.729913368438936,0.1460845931713945,45.35077288941736,multiloop
301,0.0498386274842874,0.315015694676535,0.0,94.81569560047562,0.4144725666723288,4.769831832852047,0.0,stem
302,0.0601664684898929,0.3720152798899686,0.0,94.06488873789704,0.4042806183115339,4.980465432308477,0.5503652114829285,stem
303,0.0575165619160862,0.3687937498097852,0.0,4.793613045693902,0.4688296245965687,94.19058943434686,0.5469678953626634,stem
304,0.1975199592322065,1.51043808814694,0.0,61.75980975029727,11.730932563275012,6.352981144895533,20.15627654153219,stem
305,0.3025989468320027,1.1049550619421074,0.0,51.66978087311024,46.89315440801767,1.022592152199762,0.4144725666723288,stem
306,0.3029726516052318,1.110361179688229,0.0,51.45235264141328,0.2038389672158994,1.4098861899099713,46.933922201460845,stem
307,0.2913878036351282,1.0355903155653914,0.0,47.429930355019536,52.12841854934601,0.4314591472736538,0.0101919483607949,stem
308,0.2907083404110752,1.0323641337397604,0.0,0.0,47.48089009682351,52.11482928486496,0.4042806183115339,stem
309,0.0065228469509087,0.0384604956344385,0.0,0.0,0.0067946322405299,99.59571938168848,0.3974859860710039,stem
310,0.0007474095464582,0.0047939740809714,0.0,0.0373704773229149,0.0,99.96262952267708,0.0,stem
311,0.2881263801596738,1.0098808455390569,0.0,52.50552063869544,47.38576524545609,0.0135892644810599,0.0951248513674197,interior loop & bulge
312,0.0090368608799048,0.0484180728581614,0.0,0.0101919483607949,0.5197893664005436,0.0,99.47001868523866,interior loop & bulge
313,0.0203838967215899,0.0999924057951572,0.0,0.1358926448105996,1.049770681161882,0.0067946322405299,98.807542041787,interior loop & bulge
314,0.0002038389672158,0.0014985123858165,0.0,0.0,99.9898080516392,0.0,0.0101919483607949,interior loop & bulge
