Position,Mutability,Shannon_entropy,Gap_percentage,A_percentage,T_percentage,G_percentage,C_percentage,Element
1,0.2583741726873137,0.9635928475307834,38.48835446875158,61.49648865760623,0.0101045824281311,0.0050522912140655,0.0,5' unpaired
2,0.3357247511746577,1.1885815516137015,32.051735462032035,5.577729500328399,62.32506441671298,0.0,0.0454706209265902,5' unpaired
3,0.4333350174304047,1.5699702661288404,31.829434648613148,0.0202091648562623,40.46885262466529,0.0050522912140655,27.67645127065124,5' unpaired
4,0.2757035315515586,0.9076228273001032,30.803819532157835,0.0606274945687869,0.0606274945687869,0.0202091648562623,69.05471631384833,5' unpaired
5,0.3038447936139039,1.3405298251125115,30.525943515384224,57.83862981862274,0.0,11.635426665993029,0.0,5' unpaired
6,0.3013186480068711,1.0637985651155564,27.600666902440256,68.62527156065276,0.0,3.774061536906987,0.0,5' unpaired
7,0.2573637144445005,0.8457706254224241,26.665993027838127,73.2582226039509,0.0050522912140655,0.0656797857828525,0.0050522912140655,5' unpaired
8,0.0,0.0,0.0,100.0,0.0,0.0,0.0,stem
9,0.0,0.0,0.0,0.0,100.0,0.0,0.0,stem
10,0.0,0.0,0.0,0.0,0.0,100.0,0.0,stem
11,0.0003031374728439,0.0021417156383899,0.0,0.0151568736421967,0.0,99.9848431263578,0.0,stem
12,0.0006062749456878,0.0041773068099506,0.0,99.9696862527156,0.0050522912140655,0.0252614560703278,0.0,stem
13,0.0032334663770019,0.0177892895719517,0.0,99.83327438993584,0.0,0.1667256100641641,0.0,interior loop & bulge
14,0.0014146415399383,0.008422445021236,0.0,0.0707320769969181,0.0,99.92926792300308,0.0,stem
15,0.0028292830798767,0.0159063517435796,0.0,99.8534835547921,0.0,0.1465164452079017,0.0,stem
16,0.2685292780275855,0.986859021860875,0.0,0.0757843682109836,58.535846006163794,0.0,41.38836962562522,stem
17,0.0002020916485626,0.0014869221265347,0.0,0.0,99.98989541757189,0.0,0.0101045824281311,stem
18,0.0,0.0,0.0,0.0,100.0,0.0,0.0,stem
19,0.0026271914313141,0.0152848869964226,0.0,0.0050522912140655,99.86864042843428,0.0101045824281311,0.1162026979235083,stem
20,0.0008083665942504,0.0054671385824938,0.0,0.0303137472843934,0.0101045824281311,99.95958167028748,0.0,stem
21,0.0002020916485626,0.0014869221265347,0.0,0.0101045824281311,99.98989541757189,0.0,0.0,stem
22,0.027585510028798,0.1788249635680961,0.0,2.020916485626232,0.3738695498408528,97.60016167331884,0.0050522912140655,stem
23,0.0044460162683777,0.0242821263688753,0.0,0.2223008134188854,0.0,0.0101045824281311,99.767594604153,stem
24,0.0001010458242813,0.0007939858167873,0.0,0.0050522912140655,0.0,99.99494770878592,0.0,stem
25,0.0155610569393219,0.073526139526912,0.0,99.13100591118072,0.0050522912140655,0.8487849239630172,0.0151568736421967,stem
26,0.0001010458242813,0.0007939858167873,0.0,0.0050522912140655,0.0,0.0,99.99494770878592,stem
27,0.0009094124185318,0.0064983078403465,0.0,99.94947708785934,0.0050522912140655,0.0454706209265902,0.0,stem
28,0.0099024907795685,0.0515109617474743,0.0,99.41898651038244,0.0,0.5810134896175416,0.0,interior loop & bulge
29,0.0138432779265396,0.0639179005825521,0.0,0.7527913908957713,99.24720860910423,0.0,0.0,stem
30,0.0012125498913757,0.0073541137530256,0.0,0.0606274945687869,0.0,99.9393725054312,0.0,stem
31,0.0095993533067246,0.0485235262161658,0.0,0.0,0.5304905774768858,0.0050522912140655,99.46445713130905,stem
32,0.0,0.0,0.0,0.0,100.0,0.0,0.0,multiloop
33,0.0,0.0,0.0,0.0,100.0,0.0,0.0,multiloop
34,0.0018188248370636,0.0104989995075723,0.0,0.0,0.0909412418531804,0.0,99.9090587581468,stem
35,0.0,0.0,0.0,100.0,0.0,0.0,0.0,stem
36,0.0003031374728439,0.0022809005776191,0.0,99.9848431263578,0.0,0.0101045824281311,0.0050522912140655,stem
37,0.2912140655787399,0.9997546807432136,0.0,0.0,50.92204314656696,0.0,49.07795685343303,stem
38,0.0001010458242813,0.0007939858167873,0.0,0.0,0.0050522912140655,0.0,99.99494770878592,stem
39,0.0,0.0,0.0,0.0,0.0,0.0,100.0,hairpin loop
40,0.2738341838023543,0.9916048729353562,0.0,41.87844187338958,0.0858889506391148,58.025564593543166,0.0101045824281311,hairpin loop
41,0.0002020916485626,0.001587967950816,0.0,99.98989541757189,0.0050522912140655,0.0050522912140655,0.0,hairpin loop
42,0.0,0.0,0.0,0.0,100.0,0.0,0.0,hairpin loop
43,0.0016167331885009,0.0102637915266542,0.0,0.0808366594250492,0.0050522912140655,99.91411104936088,0.0,stem
44,0.0264740059617036,0.1065520681204884,0.0,98.59546304248975,0.0,1.4045369575102309,0.0,stem
45,0.0003031374728439,0.0021417156383899,0.0,0.0,99.9848431263578,0.0,0.0151568736421967,stem
46,0.2668620219269438,0.9932505577957628,0.0,0.1515687364219673,58.55100287980599,0.0,41.29742838377204,stem
47,0.0308189764058,0.1394901099423082,0.0,1.9653412822715104,0.0,98.03465871772848,0.0,stem
48,0.0008083665942504,0.0051392335152643,0.0,0.0,99.95958167028748,0.0,0.0404183297125246,multiloop
49,0.0121254989137573,0.0629549277988153,0.0,0.0505229121406557,0.6517455666144596,0.0,99.29773152124488,multiloop
50,0.0001010458242813,0.0007939858167873,0.0,0.0050522912140655,0.0,99.99494770878592,0.0,multiloop
51,0.0,0.0,0.0,100.0,0.0,0.0,0.0,multiloop
52,0.2953569443742737,0.9992870069926,0.0,53.63512352852018,0.0252614560703278,46.339615015409485,0.0,multiloop
53,0.0005052291214065,0.0033833394088164,0.0,0.0252614560703278,0.0,0.0,99.97473854392967,multiloop
54,0.0,0.0,0.0,0.0,100.0,0.0,0.0,stem
55,0.0012125498913757,0.0079481836302455,0.0,0.0252614560703278,99.9393725054312,0.0,0.035366038498459,stem
56,0.0004041832971252,0.0029356904063436,0.0,0.0151568736421967,0.0050522912140655,99.97979083514372,0.0,stem
57,0.0,0.0,0.0,0.0,0.0,0.0,100.0,stem
58,0.2889910574445511,0.995884822002746,0.0,55.45900065679786,0.0202091648562623,44.505633304703686,0.0151568736421967,hairpin loop
59,0.0006062749456878,0.0039802606557602,0.0,0.0303137472843934,0.0,99.9696862527156,0.0,hairpin loop
60,0.0005052291214065,0.0033833394088164,0.0,99.97473854392967,0.0,0.0252614560703278,0.0,hairpin loop
61,0.002930328904158,0.024123551093507,0.0,99.76254231293892,0.0,0.2374576870610822,0.0,hairpin loop
62,0.0,0.0,0.0,100.0,0.0,0.0,0.0,hairpin loop
63,0.0009094124185318,0.0062613576086538,0.0,99.94947708785934,0.0,0.0505229121406557,0.0,hairpin loop
64,0.289597332390239,0.9952634285710112,0.0,54.04941140807357,0.0,45.95058859192644,0.0,hairpin loop
65,0.0207143939776688,0.0906026308236912,0.0,1.0710857373819027,0.0404183297125246,98.88849593290556,0.0,stem
66,0.0006062749456878,0.0041773068099506,0.0,0.0050522912140655,0.0252614560703278,0.0,99.9696862527156,stem
67,0.0028292830798767,0.0174414026236736,0.0101045824281311,99.84843126357804,0.0101045824281311,0.131359571565705,0.0,stem
68,0.0003031374728439,0.0022809005776191,0.0101045824281311,99.9848431263578,0.0,0.0,0.0050522912140655,stem
69,0.0002020916485626,0.0014869221265347,0.0101045824281311,0.0,99.98989541757189,0.0,0.0,stem
70,0.0,0.0,0.0,0.0,0.0,100.0,0.0,stem
71,0.0,0.0,0.0,100.0,0.0,0.0,0.0,stem
72,0.0014146415399383,0.008422445021236,0.0,99.92926792300308,0.0,0.0707320769969181,0.0,interior loop & bulge
73,0.023038447936139,0.1071712874090721,0.0,98.58535846006164,0.0,1.414641539938362,0.0,interior loop & bulge
74,0.0001010458242813,0.0007939858167873,0.0,0.0050522912140655,0.0,99.99494770878592,0.0,stem
75,0.0002020916485626,0.0014869221265347,0.0,99.98989541757189,0.0,0.0101045824281311,0.0,stem
76,0.2726721568231193,0.982197628838537,0.0,42.16137018137726,0.0,57.83862981862274,0.0,stem
77,0.0014146415399383,0.0089485881229044,0.0,0.0,99.924215631789,0.0,0.0757843682109836,interior loop & bulge
78,0.0002020916485626,0.001587967950816,0.0,99.98989541757189,0.0050522912140655,0.0050522912140655,0.0,stem
79,0.0034355580255645,0.018254313731888,0.0,0.0,99.82822209872178,0.0,0.1717779012782296,stem
80,0.0001010458242813,0.0007939858167873,0.0,0.0050522912140655,0.0,99.99494770878592,0.0,stem
81,0.0001010458242813,0.0007939858167873,0.0,0.0050522912140655,0.0,99.99494770878592,0.0,stem
82,0.0654776941342899,0.5675567663769681,0.0,13.343101096347192,0.0050522912140655,86.65184661243875,0.0,stem
83,0.0001010458242813,0.0007939858167873,0.0,0.0050522912140655,0.0,99.99494770878592,0.0,interior loop & bulge
84,0.0003031374728439,0.0021417156383899,0.0,99.9848431263578,0.0,0.0151568736421967,0.0,interior loop & bulge
85,0.2705501945132117,0.9809789075341472,0.0,41.898651038245845,0.0,58.10134896175415,0.0,interior loop & bulge
86,0.0125296822108826,0.1668348904774513,0.0,2.4655181124640024,0.0,97.534481887536,0.0,stem
87,0.0017177790127822,0.0102637915266542,0.0,99.91411104936088,0.0050522912140655,0.0808366594250492,0.0,stem
88,0.1884504622846461,0.7305225334376259,0.0,0.1010458242813115,80.02829283079876,0.0,19.87066134491992,stem
89,0.0068711160511291,0.0405322881110125,0.0,0.0252614560703278,0.3940787146971152,0.0,99.58065982923256,stem
90,0.2674682968726317,0.9824487418796514,0.0050522912140655,0.0151568736421967,58.35396352245744,0.0,41.62582731268631,stem
91,0.2094174708230182,0.905199960601941,0.0050522912140655,2.566563936745314,0.0707320769969181,76.80998332743899,20.54766836760471,stem
92,0.0001010458242813,0.0007939858167873,0.0050522912140655,99.99494770878592,0.0,0.0,0.0,stem
93,0.0012125498913757,0.0080862021173803,0.0050522912140655,99.9393725054312,0.0050522912140655,0.0454706209265902,0.0050522912140655,stem
94,0.0018188248370636,0.0118012806971284,0.0050522912140655,99.89895417571869,0.0,0.0959935330672459,0.0,interior loop & bulge
95,0.004547062092659,0.0239372331907549,0.0050522912140655,99.77264689536705,0.0,0.2172485222048198,0.0050522912140655,interior loop & bulge
96,0.0047491537412216,0.0274628183375816,0.0050522912140655,0.0303137472843934,99.7524377305108,0.0151568736421967,0.1970393573485576,interior loop & bulge
97,0.2813115747991714,0.997127527372023,0.0,0.1364118627797706,57.46476026878189,0.0,42.39882786843834,stem
98,0.0002020916485626,0.0014869221265347,0.0,0.0101045824281311,0.0,99.98989541757189,0.0,stem
99,0.0003031374728439,0.0022809005776191,0.0,99.9848431263578,0.0101045824281311,0.0050522912140655,0.0,stem
100,0.0081847117667862,0.0403471152735838,0.0,99.57055524680445,0.0,0.4243924619815086,0.0050522912140655,stem
101,0.0001010458242813,0.0007939858167873,0.0,99.99494770878592,0.0,0.0,0.0050522912140655,stem
102,0.0020209164856262,0.012405319258906,0.0,0.0151568736421967,0.0808366594250492,0.0050522912140655,99.89895417571869,stem
103,0.2546354771889051,1.521090851478618,0.0050522912140655,16.526044561208508,45.45546405294802,0.5860657808316071,37.42737331379781,interior loop & bulge
104,0.0004041832971252,0.0027717378727289,0.0202091648562623,99.97979083514372,0.0,0.0,0.0,interior loop & bulge
105,0.0004041832971252,0.0027717378727289,0.0202091648562623,99.97979083514372,0.0,0.0,0.0,stem
106,0.2518567170211691,0.8316913959253226,0.0151568736421967,0.0,26.19107765371596,0.0,73.79376547264185,stem
107,0.0001010458242813,0.0007939858167873,0.0050522912140655,99.99494770878592,0.0,0.0,0.0,multiloop
108,0.0004041832971252,0.0029356904063436,0.0050522912140655,99.97979083514372,0.0,0.0151568736421967,0.0,multiloop
109,0.2651947658263022,0.965483466567635,0.0050522912140655,61.00641640984187,0.0,38.98853129894408,0.0,multiloop
110,0.0017177790127822,0.0107031908643591,0.0050522912140655,0.0101045824281311,99.91411104936088,0.0,0.0707320769969181,multiloop
111,0.0002020916485626,0.001587967950816,0.0050522912140655,0.0050522912140655,99.98989541757189,0.0,0.0,multiloop
112,0.0186934774920426,0.087219168897587,0.0050522912140655,0.0101045824281311,98.9289142626181,0.0050522912140655,1.0508765725256404,stem
113,0.0001010458242813,0.0007939858167873,0.0050522912140655,0.0,0.0,99.99494770878592,0.0,stem
114,0.0003031374728439,0.0022809005776191,0.0050522912140655,0.0,0.0101045824281311,0.0,99.9848431263578,stem
115,0.2778254938614661,1.067663834848918,0.0050522912140655,58.10134896175415,40.766937806295154,0.4951245389784267,0.6315364017581974,stem
116,0.0073763451725357,0.0461588491202627,0.0050522912140655,0.0101045824281311,0.47996766533623,99.50487546102156,0.0,hairpin loop
117,0.0001010458242813,0.0007939858167873,0.0050522912140655,0.0,0.0,0.0,99.99494770878592,hairpin loop
118,0.0020209164856262,0.0125445041981352,0.0050522912140655,99.89895417571869,0.0050522912140655,0.0808366594250492,0.0101045824281311,hairpin loop
119,0.0018188248370636,0.0118633658098484,0.0050522912140655,99.9090587581468,0.0202091648562623,0.0555752033547213,0.0101045824281311,hairpin loop
120,0.0003031374728439,0.0022809005776191,0.0050522912140655,0.0,99.9848431263578,0.0,0.0101045824281311,hairpin loop
121,0.1958773303693224,0.7422639238697298,0.0050522912140655,79.40180872025464,20.517354620320315,0.0202091648562623,0.0555752033547213,hairpin loop
122,0.0001010458242813,0.0007939858167873,0.0050522912140655,0.0,99.99494770878592,0.0,0.0,stem
123,0.0001010458242813,0.0007939858167873,0.0050522912140655,0.0,0.0,99.99494770878592,0.0,stem
124,0.0071742535239731,0.036323448670623,0.0050522912140655,0.0,0.3738695498408528,0.0,99.62107815894508,stem
125,0.0001010458242813,0.0007939858167873,0.0050522912140655,99.99494770878592,0.0,0.0,0.0,stem
126,0.0003031374728439,0.0023819464019004,0.0050522912140655,0.0050522912140655,0.0050522912140655,0.0,99.9848431263578,stem
127,0.3098064972465013,1.2801927465027645,0.0050522912140655,41.5096246147628,52.09417470823018,0.131359571565705,6.259788814227251,stem
128,0.0002020916485626,0.001587967950816,0.0050522912140655,0.0,0.0050522912140655,0.0,99.98989541757189,stem
129,0.0002020916485626,0.001587967950816,0.0050522912140655,99.98989541757189,0.0,0.0050522912140655,0.0,hairpin loop
130,0.2519577628454504,0.993017800101014,0.0050522912140655,0.0101045824281311,44.379326024352046,0.0,55.60551710200576,hairpin loop
131,0.0105087657252564,0.1094490722995426,0.0050522912140655,0.0101045824281311,98.57020158641944,0.0,1.414641539938362,hairpin loop
132,0.0001010458242813,0.0007939858167873,0.0050522912140655,0.0,99.99494770878592,0.0,0.0,hairpin loop
133,0.0186934774920426,0.0874181841517493,0.0050522912140655,1.0660334461678371,0.0101045824281311,98.91880968018997,0.0,hairpin loop
134,0.0001010458242813,0.0007939858167873,0.0050522912140655,0.0,0.0,99.99494770878592,0.0,stem
135,0.0001010458242813,0.0007939858167873,0.0050522912140655,99.99494770878592,0.0,0.0,0.0,stem
136,0.2956600818471177,0.9956388517564608,0.0050522912140655,45.793967564290405,0.0,54.20098014449552,0.0,stem
137,0.0033345122012832,0.018115920498988,0.0050522912140655,0.1616733188500985,0.0,99.83327438993584,0.0,stem
138,0.0006062749456878,0.0041773068099506,0.0050522912140655,0.0,99.9696862527156,0.0,0.0252614560703278,stem
139,0.295761127671399,1.4583222078227889,0.0050522912140655,10.03385035113424,40.34254534431365,48.163492143687165,1.4550598696508867,interior loop & bulge
140,0.0001010458242813,0.0007939858167873,0.0050522912140655,0.0,99.99494770878592,0.0,0.0,interior loop & bulge
141,0.0001010458242813,0.0007939858167873,0.0050522912140655,0.0,0.0,99.99494770878592,0.0,stem
142,0.0521901682412974,0.3194315606817766,0.0050522912140655,0.0,94.21512655989493,0.0,5.779821148891022,stem
143,0.0005052291214065,0.0035657089573658,0.0050522912140655,0.0,99.97473854392967,0.0,0.0202091648562623,stem
144,0.0002020916485626,0.001587967950816,0.0050522912140655,0.0050522912140655,99.98989541757189,0.0,0.0,stem
145,0.0024250997827514,0.0140979664036921,0.0050522912140655,0.0050522912140655,0.1111504067094427,0.0,99.87874501086242,stem
146,0.0002020916485626,0.001587967950816,0.0050522912140655,99.98989541757189,0.0050522912140655,0.0,0.0,stem
147,0.0001010458242813,0.0007939858167873,0.0050522912140655,0.0,99.99494770878592,0.0,0.0,interior loop & bulge
148,0.0001010458242813,0.0007939858167873,0.0050522912140655,0.0,0.0,99.99494770878592,0.0,interior loop & bulge
149,0.0001010458242813,0.0007939858167873,0.0050522912140655,0.0,99.99494770878592,0.0,0.0,interior loop & bulge
150,0.0008083665942504,0.0059331898647728,0.0050522912140655,99.9545293790734,0.0404183297125246,0.0,0.0,interior loop & bulge
151,0.0196028899105744,0.0914974258702522,0.0050522912140655,0.0,98.84302531197898,0.0,1.151922396806952,stem
152,0.0002020916485626,0.001587967950816,0.0050522912140655,0.0050522912140655,99.98989541757189,0.0,0.0,stem
153,0.0005052291214065,0.0035657089573658,0.0050522912140655,0.0,0.0202091648562623,0.0,99.97473854392967,stem
154,0.2744404587480422,1.0276568585694168,0.0050522912140655,58.79351285808114,0.636588692972263,40.549689284090334,0.0151568736421967,stem
155,0.0002020916485626,0.0014869221265347,0.0,0.0,0.0,99.98989541757189,0.0101045824281311,stem
156,0.0,0.0,0.0,100.0,0.0,0.0,0.0,stem
157,0.0064669327540039,0.0347135288899058,0.0,0.0,99.63623503258728,0.0,0.3637649674127217,stem
158,0.0002020916485626,0.0014869221265347,0.0,0.0,99.98989541757189,0.0,0.0101045824281311,stem
159,0.0001010458242813,0.0007939858167873,0.0,0.0,99.99494770878592,0.0050522912140655,0.0,stem
160,0.0303642701965341,0.5980988648693757,0.0,0.0050522912140655,14.505128075582276,0.0,85.48981963320365,stem
161,0.0002020916485626,0.0014869221265347,0.0,0.0101045824281311,0.0,0.0,99.98989541757189,stem
162,0.0,0.0,0.0,100.0,0.0,0.0,0.0,stem
163,0.0424897691102915,0.1689745921311899,0.0,0.0,97.49406355782348,0.0,2.505936442176527,stem
164,0.0002020916485626,0.001587967950816,0.0,0.0050522912140655,99.98989541757189,0.0,0.0050522912140655,stem
165,0.0,0.0,0.0,0.0,100.0,0.0,0.0,stem
166,0.0125296822108826,0.0660440300994969,0.0,0.0,0.7831051381801646,0.0,99.21689486181984,stem
167,0.001313595715657,0.0081480553644262,0.0,99.93432021421714,0.0,0.0606274945687869,0.0050522912140655,interior loop & bulge
168,0.0,0.0,0.0,0.0,100.0,0.0,0.0,stem
169,0.2183095033597736,0.8124625582925245,0.0,0.7224776436113778,21.62380639620068,0.0,77.65371596018794,stem
170,0.2667104531905219,0.9798290062440514,0.0,58.4903753852372,0.0,41.50457232354873,0.0050522912140655,stem
171,0.0001010458242813,0.0007939858167873,0.0,99.99494770878592,0.0,0.0050522912140655,0.0,multiloop
172,0.0847774465720204,0.7314318116340595,0.0,0.0101045824281311,79.583691203961,0.0,20.406204213610877,multiloop
173,0.0002020916485626,0.001587967950816,0.0,0.0050522912140655,0.0,99.98989541757189,0.0050522912140655,multiloop
174,0.0003031374728439,0.0022809005776191,0.0,99.9848431263578,0.0050522912140655,0.0101045824281311,0.0,multiloop
175,0.0667407669378063,0.3459217326023284,0.0,93.5583287020664,0.0050522912140655,6.4315667155054825,0.0050522912140655,multiloop
176,0.0079826201182236,0.0398506369457353,0.0,0.3637649674127217,0.0404183297125246,0.0,99.59581670287476,multiloop
177,0.2688324155004294,0.9840268131558596,0.0,58.57626433587632,0.0404183297125246,41.37826504319709,0.0050522912140655,multiloop
178,0.2792906583135452,0.9811975339693454,0.0,59.39473551255495,0.0555752033547213,40.54463699287627,0.0050522912140655,multiloop
179,0.0048501995655029,0.0360416310926453,0.0101045824281311,0.3435558025564593,0.0101045824281311,99.63623503258728,0.0,stem
180,0.0005052291214065,0.0038688464302097,0.0101045824281311,0.0050522912140655,0.0050522912140655,99.97473854392967,0.0050522912140655,stem
181,0.2751477795180114,0.9996188466396608,0.0101045824281311,0.1667256100641641,41.63087960390037,0.0151568736421967,58.17713332996514,interior loop & bulge
182,0.0009094124185318,0.0059331898647728,0.0,0.0404183297125246,0.0,99.9545293790734,0.0050522912140655,interior loop & bulge
183,0.0009094124185318,0.0059331898647728,0.0,99.9545293790734,0.0050522912140655,0.0404183297125246,0.0,interior loop & bulge
184,0.0075279139089577,0.0484426162875903,0.0,99.48466629616532,0.0050522912140655,0.4850199565502955,0.0252614560703278,stem
185,0.0028292830798767,0.0164686227465916,0.0,0.0101045824281311,99.85853584600616,0.0101045824281311,0.1212549891375738,stem
186,0.0,0.0,0.0,0.0,0.0,0.0,100.0,stem
187,0.0020209164856262,0.0120868348187606,0.0,99.89895417571869,0.0050522912140655,0.0909412418531804,0.0050522912140655,stem
188,0.0028292830798767,0.0200393326293218,0.0,99.83327438993584,0.0202091648562623,0.0959935330672459,0.0505229121406557,interior loop & bulge
189,0.0079826201182236,0.0473759039564053,0.0,0.0050522912140655,99.47961400495124,0.0,0.515333703834689,interior loop & bulge
190,0.0139948466629616,0.0836293476828454,0.0,99.14616278482292,0.4092355883393119,0.2879805992017379,0.1566210276360329,stem
191,0.30354165614106,1.0036646846262365,0.0,48.26453796796847,0.0252614560703278,51.70009599353307,0.0101045824281311,stem
192,0.0003031374728439,0.0021417156383899,0.0,0.0,99.9848431263578,0.0,0.0151568736421967,stem
193,0.3336027888647501,1.5314418775810823,0.0,38.50351134239378,41.459101702622135,19.92623654827464,0.1111504067094427,stem
194,0.023038447936139,0.1362081345273569,0.0,0.8033143030364269,0.8235234678926893,98.37316222907089,0.0,hairpin loop
195,0.0030313747284393,0.0170172877777208,0.0050522912140655,0.0,99.84843126357804,0.0050522912140655,0.1414641539938362,hairpin loop
196,0.0424897691102915,0.1678415020654209,0.0050522912140655,97.6506845854595,0.035366038498459,2.2482695902591825,0.0606274945687869,hairpin loop
197,0.0002020916485626,0.001587967950816,0.0050522912140655,0.0050522912140655,0.0,99.98989541757189,0.0,hairpin loop
198,0.0002020916485626,0.001587967950816,0.0050522912140655,99.98989541757189,0.0,0.0,0.0050522912140655,stem
199,0.0434497044409639,0.2906698283032631,0.0050522912140655,94.93760420350628,0.0,5.047238922851513,0.0101045824281311,stem
200,0.2709038548981963,1.0106639075416717,0.0050522912140655,0.3536603849845905,41.28732380134391,0.0050522912140655,58.34891123124337,stem
201,0.2936391653614914,1.0003383958557128,0.0050522912140655,0.0303137472843934,53.74122164401556,0.0,46.22341231748598,stem
202,0.0056585661597534,0.0308804334658483,0.0050522912140655,0.0151568736421967,99.71201940079824,0.0252614560703278,0.2425099782751477,stem
203,0.0018188248370636,0.0117505883855965,0.0050522912140655,0.0808366594250492,0.0101045824281311,99.90400646693274,0.0,stem
204,0.2670641135755064,0.9798039934067628,0.0050522912140655,58.49542767645127,0.0,41.499520032334665,0.0,stem
205,0.321881473248118,1.258609381775511,0.0050522912140655,0.4850199565502955,49.02743394129237,4.4914868893043,45.99100692163896,stem
206,0.0019198706613449,0.0117505883855965,0.0050522912140655,0.0808366594250492,0.0101045824281311,99.90400646693274,0.0,interior loop & bulge
207,0.0002020916485626,0.001587967950816,0.0050522912140655,99.98989541757189,0.0,0.0050522912140655,0.0,interior loop & bulge
208,0.2940938715707573,0.9936869508334272,0.0050522912140655,0.0,54.93861466174911,0.0,45.05633304703684,interior loop & bulge
209,0.0012125498913757,0.0081480553644262,0.0050522912140655,0.0,0.0606274945687869,0.0,99.93432021421714,stem
210,0.0003031374728439,0.0023819464019004,0.0050522912140655,0.0050522912140655,0.0050522912140655,0.0,99.9848431263578,stem
211,0.0726014247461223,0.6871321092708962,0.0050522912140655,82.23614409134542,0.0404183297125246,17.637548628302934,0.0808366594250492,multiloop
212,0.0001010458242813,0.0007939858167873,0.0050522912140655,99.99494770878592,0.0,0.0,0.0,multiloop
213,0.0001010458242813,0.0007939858167873,0.0050522912140655,99.99494770878592,0.0,0.0,0.0,multiloop
214,0.0063658869297226,0.0367300586505307,0.0050522912140655,0.0,99.616025867731,0.0,0.3789218410549184,multiloop
215,0.0012125498913757,0.0078492518856876,0.0050522912140655,0.0505229121406557,0.0050522912140655,99.9393725054312,0.0,stem
216,0.0118223614409134,0.0571836122927635,0.0050522912140655,0.0,0.636588692972263,0.0050522912140655,99.3533067245996,stem
217,0.0132370029808518,0.0723970030202946,0.0050522912140655,99.17647653210732,0.0101045824281311,0.7679482645379679,0.0404183297125246,stem
218,0.0220279896933259,0.0997279584739124,0.0050522912140655,0.0101045824281311,1.2580205123023291,0.0,98.72682261405548,interior loop & bulge
219,0.0001010458242813,0.0007939858167873,0.0050522912140655,0.0,99.99494770878592,0.0,0.0,stem
220,0.3025311978982468,1.2196919400075568,0.0050522912140655,40.54463699287627,4.799676653362299,54.6152680240489,0.035366038498459,stem
221,0.0188955691406052,0.0942780886097854,0.0050522912140655,0.0101045824281311,98.8127115646946,0.0,1.1721315616632142,stem
222,0.0003031374728439,0.0022809005776191,0.0050522912140655,0.0101045824281311,99.9848431263578,0.0,0.0,stem
223,0.2871722326074875,0.9873976592694984,0.0050522912140655,56.787753246097104,0.0,43.20719446268883,0.0,interior loop & bulge
224,0.0001010458242813,0.0007939858167873,0.0050522912140655,99.99494770878592,0.0,0.0,0.0,interior loop & bulge
225,0.0008083665942504,0.0053589331841168,0.0050522912140655,99.95958167028748,0.0,0.035366038498459,0.0,interior loop & bulge
226,0.119031981003385,0.4551512451142507,0.0050522912140655,9.543778103369878,0.0,90.45116960541606,0.0,stem
227,0.0001010458242813,0.0007939858167873,0.0050522912140655,0.0,0.0,0.0,99.99494770878592,stem
228,0.0003031374728439,0.0022809005776191,0.0050522912140655,99.9848431263578,0.0,0.0101045824281311,0.0,stem
229,0.0065679785782852,0.033411506823874,0.0050522912140655,0.0,0.3283989289142626,0.0050522912140655,99.6614964886576,stem
230,0.2674177739604911,0.9797539222238734,0.0050522912140655,58.5055322588794,0.0,0.0,41.48941544990653,stem
231,0.0001010458242813,0.0007939858167873,0.0050522912140655,0.0,0.0,99.99494770878592,0.0,stem
232,0.0046481079169403,0.0243831721931566,0.0050522912140655,99.767594604153,0.0050522912140655,0.2223008134188854,0.0,stem
233,0.0001010458242813,0.0007939858167873,0.0050522912140655,0.0,99.99494770878592,0.0,0.0,multiloop
234,0.0001010458242813,0.0007939858167873,0.0050522912140655,0.0,99.99494770878592,0.0,0.0,multiloop
235,0.0153589652907593,0.0751840929677853,0.0101045824281311,0.0,99.09563987268226,0.0,0.8942555448896075,multiloop
236,0.0002020916485626,0.0014869221265347,0.0101045824281311,0.0,0.0,99.98989541757189,0.0,multiloop
237,0.0002020916485626,0.0014869221265347,0.0101045824281311,99.98989541757189,0.0,0.0,0.0,multiloop
238,0.2912140655787399,0.9932950756987086,0.0101045824281311,55.51962815136664,0.0,44.46521497499116,0.0050522912140655,multiloop
239,0.0008083665942504,0.0058465542852335,0.0101045824281311,99.95958167028748,0.0050522912140655,0.0050522912140655,0.0202091648562623,multiloop
240,0.0003031374728439,0.0022809005776191,0.0101045824281311,0.0,99.9848431263578,0.0,0.0050522912140655,multiloop
241,0.0018188248370636,0.0125769274570504,0.0101045824281311,99.89895417571869,0.0757843682109836,0.0,0.0151568736421967,multiloop
242,0.0009094124185318,0.0062610949320023,0.0101045824281311,99.9545293790734,0.0,0.0303137472843934,0.0050522912140655,multiloop
243,0.0002020916485626,0.0014869221265347,0.0101045824281311,0.0,99.98989541757189,0.0,0.0,stem
244,0.3012176021825898,1.2814249932373292,0.0101045824281311,6.749861061991613,41.24185318041732,0.0,51.99818117516294,stem
245,0.0002020916485626,0.0014869221265347,0.0101045824281311,0.0,0.0,99.98989541757189,0.0,stem
246,0.0002020916485626,0.0014869221265347,0.0101045824281311,99.98989541757189,0.0,0.0,0.0,interior loop & bulge
247,0.2807558227656242,0.987688449681678,0.0101045824281311,43.116253220835645,0.0,56.87364219673622,0.0,interior loop & bulge
248,0.0002020916485626,0.0014869221265347,0.0101045824281311,0.0,0.0,99.98989541757189,0.0,stem
249,0.0002020916485626,0.0014869221265347,0.0101045824281311,0.0,0.0,99.98989541757189,0.0,stem
250,0.2979336128934471,1.0035928424525082,0.0101045824281311,46.0011115040671,0.0606274945687869,53.92815641893599,0.0,stem
251,0.0366796342141161,0.2696454734806038,0.0101045824281311,95.41251957762846,0.0,0.0,4.577375839943414,stem
252,0.0003031374728439,0.0022809005776191,0.0101045824281311,0.0,0.0050522912140655,99.9848431263578,0.0,stem
253,0.0084878492396301,0.0410397415654456,0.0101045824281311,99.56550295559036,0.0,0.4243924619815086,0.0,stem
254,0.0003031374728439,0.0022809005776191,0.0101045824281311,0.0050522912140655,0.0,99.9848431263578,0.0,interior loop & bulge
255,0.0005052291214065,0.0036286156666992,0.0101045824281311,99.97473854392967,0.0,0.0151568736421967,0.0,interior loop & bulge
256,0.0403678068003839,0.2859456459109976,0.0101045824281311,0.0,4.93608851614207,0.0050522912140655,95.04875461021574,interior loop & bulge
257,0.2932349820643662,0.9970085377317972,0.0101045824281311,53.88773808922346,0.0,0.0,46.10215732834841,interior loop & bulge
258,0.0014146415399383,0.0090918342549952,0.0101045824281311,0.0555752033547213,0.0,99.92926792300308,0.0050522912140655,interior loop & bulge
259,0.1286313343101096,0.6594291450918195,0.0101045824281311,87.8593442126004,4.6531602081543975,7.366240590107615,0.1111504067094427,interior loop & bulge
260,0.0030313747284393,0.017611166703153,0.0101045824281311,99.84843126357804,0.0,0.1263072803516395,0.0151568736421967,interior loop & bulge
261,0.2619612994493002,0.9756257333468088,0.0101045824281311,0.0050522912140655,40.43853887738089,0.0,59.54630424897691,interior loop & bulge
262,0.2698933966553832,1.033627031591403,0.0101045824281311,58.95013388571717,0.1465164452079017,0.5405951599050168,40.352649926741776,interior loop & bulge
263,0.0027282372555954,0.0167716174936232,0.0101045824281311,99.85853584600616,0.0101045824281311,0.1162026979235083,0.0050522912140655,interior loop & bulge
264,0.0003031374728439,0.0022809005776191,0.0101045824281311,0.0,99.9848431263578,0.0050522912140655,0.0,interior loop & bulge
265,0.0024250997827514,0.0157700768661525,0.0101045824281311,0.1010458242813115,0.0202091648562623,99.86864042843428,0.0,stem
266,0.0002020916485626,0.0014869221265347,0.0101045824281311,0.0,0.0,99.98989541757189,0.0,stem
267,0.0002020916485626,0.0014869221265347,0.0101045824281311,0.0,0.0,0.0,99.98989541757189,stem
268,0.0680038397413227,0.4134371672706343,0.0101045824281311,5.032082049209317,1.7076744303541656,0.0050522912140655,93.24508664679432,stem
269,0.0002020916485626,0.0014869221265347,0.0101045824281311,0.0,99.98989541757189,0.0,0.0,stem
270,0.0002020916485626,0.0014869221265347,0.0101045824281311,0.0,0.0,99.98989541757189,0.0,stem
271,0.0002020916485626,0.0014869221265347,0.0101045824281311,0.0,0.0,99.98989541757189,0.0,multiloop
272,0.0002020916485626,0.0014869221265347,0.0101045824281311,99.98989541757189,0.0,0.0,0.0,multiloop
273,0.0002020916485626,0.0014869221265347,0.0101045824281311,0.0,0.0,0.0,99.98989541757189,stem
274,0.0085888950639114,0.0570674680017398,0.0151568736421967,99.44930025766683,0.3283989289142626,0.1566210276360329,0.0505229121406557,stem
275,0.0056585661597534,0.0307847101575697,0.0151568736421967,0.2576668519173445,0.0202091648562623,99.7069671095842,0.0,stem
276,0.001313595715657,0.0086399129652704,0.0151568736421967,0.0,99.93432021421714,0.0050522912140655,0.0454706209265902,stem
277,0.3022280604254029,1.2207550752156693,0.0101045824281311,53.857424341939065,4.698630829080988,41.39342191683929,0.0404183297125246,stem
278,0.0022735310463295,0.0147908179585988,0.0101045824281311,0.1111504067094427,0.0050522912140655,99.87369271964836,0.0,stem
279,0.0002020916485626,0.0014869221265347,0.0101045824281311,0.0,99.98989541757189,0.0,0.0,stem
280,0.2735815692416511,0.9868023216399636,0.0101045824281311,58.21755165967767,0.0252614560703278,41.73192542818168,0.0151568736421967,interior loop & bulge
281,0.0003031374728439,0.0022809005776191,0.0101045824281311,99.9848431263578,0.0,0.0,0.0050522912140655,interior loop & bulge
282,0.0003031374728439,0.0022809005776191,0.0101045824281311,99.9848431263578,0.0,0.0,0.0050522912140655,interior loop & bulge
283,0.0171777901278229,0.0899099695794594,0.0101045824281311,0.0,1.116556358308493,0.0,98.87333905926336,stem
284,0.0003031374728439,0.0022809005776191,0.0101045824281311,99.9848431263578,0.0,0.0050522912140655,0.0,stem
285,0.0002020916485626,0.0014869221265347,0.0101045824281311,0.0,0.0,99.98989541757189,0.0,stem
286,0.0138432779265396,0.0650476672102604,0.0101045824281311,0.0,99.24215631789016,0.0,0.7477390996817056,hairpin loop
287,0.0033345122012832,0.0262614736671733,0.0101045824281311,99.76254231293892,0.0,0.0404183297125246,0.1869347749204264,hairpin loop
288,0.0002020916485626,0.0014869221265347,0.0101045824281311,0.0,99.98989541757189,0.0,0.0,hairpin loop
289,0.3005102814126206,1.2502600611834045,0.0101045824281311,40.3779113828121,5.840448643459809,0.0,53.77153539129995,stem
290,0.0004041832971252,0.0036286156666992,0.0101045824281311,0.0151568736421967,99.97473854392967,0.0,0.0,stem
291,0.0002020916485626,0.0014869221265347,0.0101045824281311,0.0,0.0,99.98989541757189,0.0,stem
292,0.2683271863790228,0.9738439783341422,0.0101045824281311,0.0,40.25665639367453,0.0,59.73323902389733,interior loop & bulge
293,0.0009094124185318,0.006051843709344,0.0101045824281311,99.9545293790734,0.0,0.0,0.035366038498459,interior loop & bulge
294,0.0007073207699691,0.0052165467852785,0.0101045824281311,99.96463396150152,0.0050522912140655,0.0151568736421967,0.0050522912140655,interior loop & bulge
295,0.0041428787955337,0.0220350282512062,0.0101045824281311,0.0,0.1970393573485576,0.0,99.79285606022331,interior loop & bulge
296,0.0008083665942504,0.0064250474656171,0.0151568736421967,99.9545293790734,0.0151568736421967,0.0151568736421967,0.0,stem
297,0.0022230081341888,0.0149007915611765,0.0151568736421967,0.0505229121406557,0.0454706209265902,0.0050522912140655,99.88379730207647,stem
298,0.303238518668216,1.2560275793104356,0.0050522912140655,40.47390491587935,53.5896529075936,0.035366038498459,5.896023846814531,stem
299,0.0010104582428131,0.0062613576086538,0.0,99.94947708785934,0.0,0.0505229121406557,0.0,stem
300,0.0003031374728439,0.0022809005776191,0.0,0.0101045824281311,0.0050522912140655,0.0,99.9848431263578,stem
301,0.3003587126761987,1.0340200009784517,0.0,46.16783711413126,53.40777042388724,0.3637649674127217,0.0606274945687869,stem
302,0.0057596119840347,0.0338625400215675,0.0,0.3435558025564593,0.0,99.65139190622946,0.0050522912140655,stem
303,0.0020209164856262,0.0120127625135167,0.0,0.1060981154953771,0.0,99.8939018845046,0.0,multiloop
304,0.267569342696913,0.980675898682024,0.0,59.268428232203306,0.0505229121406557,40.68104885565604,0.0,multiloop
305,0.2175011367655231,0.7835485791679636,0.0,23.043500227353107,0.0202091648562623,76.92113373414844,0.0151568736421967,multiloop
306,0.2690345071489921,0.9783169319089176,0.0,0.0,41.35300358712677,0.0,58.64699641287324,multiloop
307,0.2768655585307937,1.0719676676546817,0.0050522912140655,40.34759763552771,58.379224978527766,0.2829283079876724,0.985196786742788,multiloop
308,0.0028292830798767,0.0157439795625818,0.0050522912140655,0.1364118627797706,0.0,99.85853584600616,0.0,multiloop
309,0.2946496236043046,0.997658883283388,0.0050522912140655,54.18077097963927,0.0151568736421967,45.79901985550447,0.0,stem
310,0.2910119739301773,1.028775196575246,0.0050522912140655,49.12342747435962,0.3132420552720659,50.55322588794018,0.0050522912140655,stem
311,0.0001010458242813,0.0007939858167873,0.0050522912140655,99.99494770878592,0.0,0.0,0.0,stem
312,0.0004041832971252,0.0029356904063436,0.0050522912140655,99.97979083514372,0.0,0.0151568736421967,0.0,stem
313,0.2656494720355681,0.9760707072350884,0.0050522912140655,59.21790532006265,0.0,40.77704238872328,0.0,stem
314,0.0001010458242813,0.0007939858167873,0.0050522912140655,0.0,0.0,0.0,99.99494770878592,stem
315,0.0002020916485626,0.001587967950816,0.0050522912140655,0.0,0.0050522912140655,0.0,99.98989541757189,hairpin loop
316,0.3196079422017885,1.304320106313971,0.0050522912140655,4.8047289445763655,40.31223159702925,53.55933916030921,1.318648006871116,hairpin loop
317,0.0004041832971252,0.0029356904063436,0.0050522912140655,99.97979083514372,0.0,0.0151568736421967,0.0,hairpin loop
318,0.0018188248370636,0.0107805021461165,0.0050522912140655,99.9090587581468,0.0,0.0858889506391148,0.0,hairpin loop
319,0.2833324912847976,0.9924245073479364,0.0050522912140655,43.262769666043546,0.0404183297125246,56.69175971302985,0.0,stem
320,0.0109129490223816,0.0551932950202812,0.0050522912140655,0.0,99.38867276309806,0.0151568736421967,0.5911180720456728,stem
321,0.0035871267619865,0.0222412552917122,0.0050522912140655,0.0454706209265902,99.80801293386553,0.0050522912140655,0.1364118627797706,stem
322,0.0229374021118577,0.1532763349669212,0.0050522912140655,0.0202091648562623,97.842671651594,0.0101045824281311,2.121962309907543,stem
323,0.0544636992876269,0.2205415739881892,0.0050522912140655,0.0303137472843934,3.435558025564594,0.0,96.52907593593694,stem
324,0.0001010458242813,0.0007939858167873,0.0050522912140655,0.0,99.99494770878592,0.0,0.0,stem
325,0.3035921790532006,1.3391143189396812,0.0050522912140655,52.08912241701612,40.5547415753044,6.305259435153843,1.0458242813115748,multiloop
326,0.0001010458242813,0.0007939858167873,0.0050522912140655,0.0,0.0,0.0,99.99494770878592,stem
327,0.0001010458242813,0.0007939858167873,0.0050522912140655,0.0,0.0,0.0,99.99494770878592,stem
328,0.2889405345324105,1.5292667875823436,0.0050522912140655,20.380942757540545,40.49916637194968,39.08957712322538,0.0252614560703278,stem
329,0.0001010458242813,0.0007939858167873,0.0050522912140655,0.0,0.0,99.99494770878592,0.0,stem
330,0.0001010458242813,0.0007939858167873,0.0050522912140655,99.99494770878592,0.0,0.0,0.0,multiloop
331,0.0087909867124741,0.1036071441011482,0.0050522912140655,0.0,98.65103824584448,0.0,1.343909462941444,stem
332,0.054008993078361,0.3143240625870412,0.0050522912140655,0.0,94.34143384024657,0.0,5.653513868539382,stem
333,0.0001010458242813,0.0007939858167873,0.0050522912140655,0.0,99.99494770878592,0.0,0.0,stem
334,0.0247562269489213,0.1022013758186339,0.0050522912140655,1.308543424442985,0.0050522912140655,98.68135199312889,0.0,stem
335,0.0002020916485626,0.001587967950816,0.0050522912140655,0.0,99.98989541757189,0.0,0.0050522912140655,stem
336,0.0001010458242813,0.0007939858167873,0.0050522912140655,99.99494770878592,0.0,0.0,0.0,stem
337,0.0099024907795685,0.0515536084119733,0.0050522912140655,0.0,99.42403880159652,0.0,0.5709089071894105,hairpin loop
338,0.0002020916485626,0.0014869221265347,0.0101045824281311,0.0,0.0,99.98989541757189,0.0,hairpin loop
339,0.0002020916485626,0.0014869221265347,0.0101045824281311,99.98989541757189,0.0,0.0,0.0,hairpin loop
340,0.0303137472843934,0.1337890149408772,0.0101045824281311,0.0,98.150861415652,0.0,1.8390340019198708,hairpin loop
341,0.0001010458242813,0.0007939858167873,0.0050522912140655,0.0,99.99494770878592,0.0,0.0,stem
342,0.0003031374728439,0.0022809005776191,0.0050522912140655,99.9848431263578,0.0,0.0,0.0101045824281311,stem
343,0.0318799575607538,0.1551286859363262,0.0050522912140655,0.0,2.233112716616986,0.0,97.76183499216896,stem
344,0.0002020916485626,0.001587967950816,0.0050522912140655,99.98989541757189,0.0,0.0,0.0050522912140655,stem
345,0.0007073207699691,0.0047742243732054,0.0050522912140655,99.96463396150152,0.0,0.0303137472843934,0.0,stem
346,0.1231748597989188,0.6959295368989034,0.0050522912140655,81.32673167281362,0.0050522912140655,18.66316374475825,0.0,stem
347,0.0016167331885009,0.0097425186787681,0.0050522912140655,0.0757843682109836,0.0,99.91916334057494,0.0,multiloop
348,0.0002020916485626,0.001587967950816,0.0050522912140655,99.98989541757189,0.0,0.0050522912140655,0.0,multiloop
349,0.103470924064063,0.3617496197742584,0.0050522912140655,6.825645430202597,0.0050522912140655,93.1591976961552,0.0050522912140655,multiloop
350,0.0026271914313141,0.0147769053991378,0.0050522912140655,99.86864042843428,0.0,0.1263072803516395,0.0,multiloop
351,0.0022230081341888,0.0136005757063624,0.0050522912140655,99.88379730207647,0.0,0.1060981154953771,0.0050522912140655,multiloop
352,0.0554236346182994,0.3299969970991729,0.0050522912140655,0.0101045824281311,6.007174253523973,0.0,93.97766887283385,multiloop
353,0.2675188197847724,0.9795026560033656,0.0050522912140655,58.55605517102006,0.0,0.0,41.438892537765874,multiloop
354,0.0010104582428131,0.0064983078403465,0.0050522912140655,0.0454706209265902,0.0,99.94947708785934,0.0,multiloop
355,0.2701460112160865,1.0118329882235195,0.0050522912140655,59.07644116606882,0.4092355883393119,40.49411408073561,0.0151568736421967,multiloop
