Position,Mutability,Shannon_entropy,Gap_percentage,A_percentage,T_percentage,G_percentage,C_percentage
1,0.30265017667844524,0.9273651978334353,34.175500588928145,0.0,65.81861012956419,0.0,0.005889281507656066
2,0.3025323910482921,0.9261536755444024,34.140164899882215,0.0,0.0,0.0,65.85983510011778
3,0.30347467608951706,0.9171998055559316,33.05064782096584,66.93757361601884,0.005889281507656066,0.005889281507656066,0.0
4,0.2928150765606596,0.8849623319030977,30.229681978798588,0.005889281507656066,0.0,0.0,69.76442873969376
5,0.2827444051825677,0.8712034752665525,29.193168433451117,0.0,70.80683156654888,0.0,0.0
6,0.2827444051825677,0.8703206381316595,28.987043580683157,0.005889281507656066,0.005889281507656066,0.0,71.00117785630154
7,0.2821554770318021,0.873363472759045,28.833922261484098,71.113074204947,0.0,0.029446407538280327,0.023557126030624265
8,0.43521790341578326,1.5344536984268653,27.17314487632509,25.936395759717314,0.04122497055359246,0.011778563015312132,46.83745583038869
9,0.2763250883392226,0.8865475563769486,26.796230859835102,0.04711425206124853,72.6678445229682,0.0,0.4888103651354535
10,0.2687279151943463,0.8380420848702632,26.7020023557126,0.005889281507656066,0.0,73.29210836277974,0.0
11,0.2682567726737338,0.8358661548793187,26.613663133097766,73.38633686690224,0.0,0.0,0.0
12,0.26654888103651353,0.8345900032203213,26.466431095406364,0.005889281507656066,0.0,73.52767962308599,0.0
13,0.2663133097762073,0.8339816659801087,26.425206124852767,0.0,73.56890459363957,0.0,0.005889281507656066
14,0.26578327444051825,0.8325727661419005,26.389870435806834,0.0,0.0,73.61012956419317,0.0
15,0.26613663133097765,0.832136660793867,26.360424028268554,73.63957597173145,0.0,0.0,0.0
16,0.26548881036513544,0.8342500683777554,26.295641931684333,0.0,0.023557126030624265,0.0,73.68080094228505
17,0.262603062426384,0.826672044334444,25.936395759717314,74.05771495877504,0.005889281507656066,0.0,0.0
18,0.2629564193168433,0.8296759345240309,25.859835100117785,0.0,74.09893992932862,0.0,0.04122497055359246
19,0.27714958775029447,0.9341182842069846,25.818610129564195,0.005889281507656066,1.5312131919905771,0.011778563015312132,72.63250883392226
20,0.4182567726737338,1.6465685306534348,24.846878680800945,45.51825677267373,1.9434628975265018,27.62073027090695,0.0706713780918728
21,0.24982332155477033,0.820036934575511,24.770318021201412,75.12367491166077,0.005889281507656066,0.08833922261484099,0.011778563015312132
22,0.25624263839811545,0.8657154461547834,24.705535924617198,74.65253239104828,0.011778563015312132,0.14723203769140164,0.48292108362779745
23,0.4452296819787986,1.5502785450996255,24.60541813898704,42.83863368669022,0.011778563015312132,32.544169611307424,0.0
24,0.4133686690223793,1.5187416094435178,24.481743227326266,0.0353356890459364,48.333333333333336,0.0,27.14958775029446
25,0.25017667844522967,0.8309591506814327,24.405182567726737,0.07656065959952886,0.2061248527679623,0.0,75.31213191990577
26,0.0,0.0,0.0,100.0,0.0,0.0,0.0
27,0.0,0.0,0.0,0.0,100.0,0.0,0.0
28,0.0,0.0,0.0,0.0,0.0,100.0,0.0
29,0.00023557126030624264,0.0017072036409447018,0.0,0.011778563015312132,0.0,99.98822143698469,0.0
30,0.001531213191990577,0.009941423390868806,0.0,0.0,0.07656065959952886,0.005889281507656066,99.91755005889281
31,0.017432273262661956,0.08127458518940688,0.0,0.8421672555948174,0.08833922261484099,99.06360424028269,0.005889281507656066
32,0.0015901060070671379,0.012357263939231273,0.0,0.06478209658421673,99.89988221436985,0.0,0.0353356890459364
33,0.0017667844522968198,0.011342406024928309,0.0,0.011778563015312132,0.08244994110718493,0.0,99.9057714958775
34,0.2827444051825677,0.9806685698567401,0.0,0.0353356890459364,40.812720848056536,0.005889281507656066,59.14605418138987
35,0.0008833922261484099,0.0065321218042276785,0.0,0.05300353356890459,0.0,0.0,99.94699646643109
36,0.00011778563015312132,0.000912497137591797,0.0,99.99411071849235,0.0,0.0,0.005889281507656066
37,0.0049469964664310955,0.028491960867516368,0.0,99.7467608951708,0.0706713780918728,0.16489988221436985,0.0176678445229682
38,0.00011778563015312132,0.000912497137591797,0.0,0.005889281507656066,0.0,99.99411071849235,0.0
39,0.00011778563015312132,0.000912497137591797,0.0,0.0,0.0,99.99411071849235,0.005889281507656066
40,0.0024734982332155478,0.016565819056966215,0.0,0.011778563015312132,0.1354534746760895,0.0,99.8527679623086
41,0.0,0.0,0.0,100.0,0.0,0.0,0.0
42,0.0,0.0,0.0,0.0,0.0,0.0,100.0
43,0.00011778563015312132,0.000912497137591797,0.0,0.0,0.005889281507656066,0.0,99.99411071849235
44,0.00011778563015312132,0.000912497137591797,0.0,99.99411071849235,0.0,0.005889281507656066,0.0
45,0.00011778563015312132,0.000912497137591797,0.0,99.99411071849235,0.0,0.005889281507656066,0.0
46,0.0016489988221436984,0.00963534255618257,0.0,99.91755005889281,0.0,0.08244994110718493,0.0
47,0.0007067137809187279,0.00456149344716018,0.0,0.0353356890459364,0.0,0.0,99.96466431095406
48,0.0,0.0,0.0,0.0,0.0,100.0,0.0
49,0.2826855123674912,0.9716472185585017,0.0,39.97055359246172,0.005889281507656066,60.023557126030624,0.0
50,0.00011778563015312132,0.000912497137591797,0.0,0.005889281507656066,99.99411071849235,0.0,0.0
51,0.0,0.0,0.0,0.0,0.0,0.0,100.0
52,0.2816254416961131,1.0601512735842444,0.0,36.99057714958775,61.601884570082454,0.4122497055359246,0.9952885747938751
53,0.00011778563015312132,0.000912497137591797,0.0,0.005889281507656066,99.99411071849235,0.0,0.0
54,0.00035335689045936394,0.0026196907700703777,0.0,99.98233215547702,0.011778563015312132,0.005889281507656066,0.0
55,0.041166077738515904,0.28212870686438996,0.0,0.0,95.10011778563016,0.0,4.899882214369847
56,0.0,0.0,0.0,0.0,0.0,100.0,0.0
57,0.0,0.0,0.0,100.0,0.0,0.0,0.0
58,0.004358068315665489,0.022926892332996406,0.0,99.77620730270907,0.0,0.22379269729093051,0.0
59,0.00011778563015312132,0.000912497137591797,0.0,0.0,0.0,0.005889281507656066,99.99411071849235
60,0.00011778563015312132,0.000912497137591797,0.0,99.99411071849235,0.0,0.0,0.005889281507656066
61,0.28286219081272085,0.9658479806814287,0.0,39.16372202591284,0.0,60.83627797408716,0.0
62,0.0,0.0,0.0,100.0,0.0,0.0,0.0
63,0.0,0.0,0.0,0.0,100.0,0.0,0.0
64,0.0,0.0,0.0,0.0,0.0,100.0,0.0
65,0.0,0.0,0.0,0.0,0.0,100.0,0.0
66,0.0,0.0,0.0,100.0,0.0,0.0,0.0
67,0.3055359246171967,1.0180646360001355,0.0,57.214369846878675,0.40636042402826855,42.37926972909305,0.0
68,0.0,0.0,0.0,100.0,0.0,0.0,0.0
69,0.0008244994110718492,0.005473960555815565,0.0,0.005889281507656066,0.0353356890459364,0.0,99.95877502944641
70,0.007420494699646643,0.04305736147859975,0.0,0.07656065959952886,99.60541813898705,0.12367491166077739,0.1943462897526502
71,0.0012956419316843344,0.008416092913244634,0.0,0.0706713780918728,0.0,99.92932862190813,0.0
72,0.2706713780918728,0.9615561022624703,0.0,61.61366313309776,0.005889281507656066,38.380447585394585,0.0
73,0.004829210836277974,0.028542279301548568,0.0,0.011778563015312132,99.7467608951708,0.10011778563015312,0.1413427561837456
74,0.00011778563015312132,0.000912497137591797,0.0,0.005889281507656066,0.0,99.99411071849235,0.0
75,0.0005889281507656066,0.0038787112345875074,0.0,0.029446407538280327,0.0,99.97055359246173,0.0
76,0.25588928150765605,0.9864227411539215,0.0,41.96113074204947,0.0353356890459364,57.99764428739693,0.005889281507656066
77,0.0,0.0,0.0,0.0,0.0,100.0,0.0
78,0.0005889281507656066,0.0038787112345875074,0.0,99.97055359246173,0.0,0.029446407538280327,0.0
79,0.31548881036513543,1.3256873012624983,0.0,7.968197879858657,54.399293286219084,37.314487632508836,0.3180212014134276
80,0.00023557126030624264,0.0017072036409447018,0.0,0.011778563015312132,0.0,0.0,99.98822143698469
81,0.0009422850412249705,0.006142505729872197,0.0,0.04122497055359246,0.005889281507656066,99.95288574793875,0.0
82,0.003769140164899882,0.02094721256159118,0.0,0.011778563015312132,0.18256772673733807,0.0,99.80565371024736
83,0.0,0.0,0.0,0.0,0.0,0.0,100.0
84,0.0004711425206124853,0.0033699298142989675,0.0,99.97644287396938,0.0,0.005889281507656066,0.0176678445229682
85,0.010482921083627797,0.05987737688401056,0.0,0.6831566548881037,0.005889281507656066,99.31095406360424,0.0
86,0.26201413427561837,0.9524814563730621,0.0,62.76207302709069,0.0,37.23792697290931,0.0
87,0.0008244994110718492,0.005473960555815565,0.0,99.95877502944641,0.0,0.0353356890459364,0.005889281507656066
88,0.0031802120141342758,0.01743829011357697,0.0,0.0,99.84098939929329,0.005889281507656066,0.15312131919905772
89,0.19840989399293285,0.7245118227310521,0.0,20.129564193168434,0.0,79.87043580683157,0.0
90,0.0010600706713780918,0.0065321218042276785,0.0,0.0,0.05300353356890459,0.0,99.94699646643109
91,0.2802709069493522,1.0581688180127125,0.0,61.360424028268554,1.248527679623086,0.17667844522968199,37.21436984687868
92,0.0004711425206124853,0.0038787112345875074,0.0,99.97055359246173,0.029446407538280327,0.0,0.0
93,0.0012956419316843344,0.008416092913244634,0.0,0.0706713780918728,0.0,0.0,99.92932862190813
94,0.27190812720848057,1.0083624095041752,0.0,37.15547703180212,62.21436984687868,0.1943462897526502,0.4358068315665489
95,0.0,0.0,0.0,0.0,0.0,100.0,0.0
96,0.0,0.0,0.0,100.0,0.0,0.0,0.0
97,0.30541813898704356,0.9889672224490254,0.0,43.168433451118965,0.011778563015312132,56.81389870435807,0.005889281507656066
98,0.00023557126030624264,0.0017072036409447018,0.0,99.98822143698469,0.0,0.011778563015312132,0.0
99,0.0,0.0,0.0,0.0,100.0,0.0,0.0
100,0.3050058892815077,0.9974420312556497,0.0,0.08244994110718493,56.224970553592456,0.0,43.69257950530036
101,0.0010600706713780918,0.0065321218042276785,0.0,99.94699646643109,0.0,0.0,0.05300353356890459
102,0.0014134275618374558,0.008416092913244634,0.0,0.0706713780918728,0.0,99.92932862190813,0.0
103,0.3118963486454652,0.990912447459314,0.0,44.13427561837456,0.005889281507656066,55.859835100117785,0.0
104,0.0077738515901060075,0.16013659934999586,0.0,0.011778563015312132,2.308598351001178,97.67962308598351,0.0
105,0.0005889281507656066,0.0038787112345875074,0.0,0.0,0.029446407538280327,0.0,99.97055359246173
106,0.0049469964664310955,0.028640820688005414,0.0,99.75265017667844,0.11189634864546526,0.09422850412249706,0.04122497055359246
107,0.00023557126030624264,0.0018249892710978232,0.0,0.0,99.98822143698469,0.005889281507656066,0.005889281507656066
108,0.0,0.0,0.0,0.0,0.0,0.0,100.0
109,0.2808009422850412,0.9914998051758568,0.0,0.15312131919905772,39.17550058892815,0.09422850412249706,60.57714958775029
110,0.0007067137809187279,0.005230043627071379,0.0,0.04122497055359246,0.0,99.95877502944641,0.0
111,0.0,0.0,0.0,0.0,100.0,0.0,0.0
112,0.21890459363957598,0.7728410210493637,0.0,0.39458186101295645,20.76560659599529,0.0,78.83981154299175
113,0.0,0.0,0.0,0.0,0.0,100.0,0.0
114,0.0,0.0,0.0,0.0,0.0,100.0,0.0
115,0.3131919905771496,1.001424918969539,0.0,44.9057714958775,0.08244994110718493,55.01177856301531,0.0
116,0.00035335689045936394,0.0026196907700703777,0.0,99.98233215547702,0.0,0.005889281507656066,0.011778563015312132
117,0.3004122497055359,0.9900093249538651,0.0,55.87750294464075,0.0,44.12249705535925,0.0
118,0.30294464075382804,0.9896243706533043,0.0,44.01060070671378,0.0,55.989399293286226,0.0
119,0.0,0.0,0.0,100.0,0.0,0.0,0.0
120,0.0,0.0,0.0,0.0,100.0,0.0,0.0
121,0.0,0.0,0.0,0.0,0.0,100.0,0.0
122,0.021672555948174323,0.10565139395541916,0.0,98.61012956419317,0.0,1.3898704358068317,0.0
123,0.0,0.0,0.0,0.0,100.0,0.0,0.0
124,0.015724381625441698,0.08615019438609466,0.0,0.10600706713780918,98.99293286219081,0.0,0.901060070671378
125,0.024617196702002356,0.11266702125143109,0.0,1.4899882214369846,0.005889281507656066,98.50412249705536,0.0
126,0.3016489988221437,0.995400274443162,0.0,56.484098939929325,0.0176678445229682,43.45111896348646,0.04711425206124853
127,0.009305064782096584,0.051130652703333855,0.0,0.029446407538280327,99.47585394581861,0.04711425206124853,0.44758539458186103
128,0.0,0.0,0.0,0.0,0.0,100.0,0.0
129,0.0,0.0,0.0,0.0,0.0,100.0,0.0
130,0.025323910482921083,0.1285019941567054,0.0,98.45700824499411,0.0,0.45936395759717313,1.083627797408716
131,0.00011778563015312132,0.000912497137591797,0.0,99.99411071849235,0.005889281507656066,0.0,0.0
132,0.0,0.0,0.0,0.0,100.0,0.0,0.0
133,0.2642520612485277,0.9591527024081726,0.0,0.06478209658421673,62.89752650176679,0.005889281507656066,37.03180212014134
134,0.0,0.0,0.0,0.0,0.0,100.0,0.0
135,0.0,0.0,0.0,0.0,0.0,100.0,0.0
136,0.016548881036513547,0.08172775240221508,0.0,0.7950530035335688,0.11778563015312131,99.075382803298,0.011778563015312132
137,0.045877502944640755,0.4686221107412615,0.0,90.01177856301531,0.0,0.0,9.988221436984688
138,0.0031802120141342758,0.02030616896224867,0.0,0.1943462897526502,0.0,99.80565371024736,0.0
139,0.047585394581861014,0.18623371745152387,0.0,97.16136631330977,0.0,2.838633686690224,0.0
140,0.0,0.0,0.0,0.0,100.0,0.0,0.0
141,0.00011778563015312132,0.000912497137591797,0.0,0.005889281507656066,99.99411071849235,0.0,0.0
142,0.00895170789163722,0.04926024133992838,0.0,0.0176678445229682,0.5182567726737338,0.0,99.4640753828033
143,0.00023557126030624264,0.0017072036409447018,0.0,0.0,99.98822143698469,0.0,0.011778563015312132
144,0.0,0.0,0.0,100.0,0.0,0.0,0.0
145,0.006124852767962308,0.03145347358834601,0.0,0.0,0.32391048292108365,0.0,99.6760895170789
146,0.0009422850412249705,0.005886409407987817,0.0,99.95288574793875,0.0,0.04711425206124853,0.0
147,0.0,0.0,0.0,0.0,100.0,0.0,0.0
148,0.023733804475853947,0.11876234502147155,0.0,1.266195524146054,0.20023557126030625,0.0,98.53356890459364
149,0.0,0.0,0.0,0.0,0.0,0.0,100.0
150,0.0,0.0,0.0,100.0,0.0,0.0,0.0
151,0.023674911660777384,0.11139951014402498,0.0,98.51590106007068,0.0,1.4840989399293287,0.0
152,0.0,0.0,0.0,100.0,0.0,0.0,0.0
153,0.0,0.0,0.0,0.0,100.0,0.0,0.0
154,0.00035335689045936394,0.0026196907700703777,0.0,0.011778563015312132,0.005889281507656066,99.98233215547702,0.0
155,0.0,0.0,0.0,0.0,100.0,0.0,0.0
156,0.0,0.0,0.0,0.0,0.0,100.0,0.0
157,0.020848056537102474,0.0994413862746511,0.0,0.0,1.2897526501766783,0.0,98.71024734982332
158,0.0,0.0,0.0,100.0,0.0,0.0,0.0
159,0.0,0.0,0.0,0.0,0.0,0.0,100.0
160,0.07897526501766784,0.4268676662127139,0.0,1.1837455830388692,92.79740871613663,0.09422850412249706,5.924617196702003
161,0.0,0.0,0.0,0.0,0.0,100.0,0.0
162,0.00023557126030624264,0.0018249892710978232,0.0,99.98822143698469,0.005889281507656066,0.005889281507656066,0.0
163,0.046760895170789164,0.3096481496587868,0.0,94.45818610129564,0.005889281507656066,5.535924617196701,0.0
164,0.008480565371024734,0.04453946843052497,0.005889281507656066,0.023557126030624265,0.4358068315665489,0.0,99.53474676089516
165,0.00011778563015312132,0.000912497137591797,0.005889281507656066,0.0,99.99411071849235,0.0,0.0
166,0.27873969375736163,1.3364451018304848,0.005889281507656066,14.334511189634865,61.14252061248527,0.023557126030624265,24.49352179034158
167,0.0007067137809187279,0.004791183348802708,0.005889281507656066,99.96466431095406,0.0,0.0,0.029446407538280327
168,0.00035335689045936394,0.0026196907700703777,0.005889281507656066,99.98233215547702,0.0,0.011778563015312132,0.0
169,0.039458186101295645,0.2692703894862799,0.005889281507656066,95.41224970553593,0.0,4.58186101295642,0.0
170,0.0007067137809187279,0.004791183348802708,0.005889281507656066,0.0,0.029446407538280327,0.0,99.96466431095406
171,0.00023557126030624264,0.0018249892710978232,0.005889281507656066,0.005889281507656066,99.98822143698469,0.0,0.0
172,0.005182567726737338,0.02876649689597959,0.005889281507656066,0.16489988221436985,0.08833922261484099,0.0,99.74087161366313
173,0.00035335689045936394,0.0026196907700703777,0.005889281507656066,99.98233215547702,0.0,0.011778563015312132,0.0
174,0.04564193168433451,0.31049184606040275,0.005889281507656066,5.424028268551237,0.005889281507656066,94.52885747938751,0.0353356890459364
175,0.0032391048292108363,0.019145223318809624,0.005889281507656066,0.011778563015312132,99.82921083627797,0.0,0.15312131919905772
176,0.00011778563015312132,0.000912497137591797,0.005889281507656066,0.0,0.0,99.99411071849235,0.0
177,0.00023557126030624264,0.0018249892710978232,0.005889281507656066,99.98822143698469,0.0,0.005889281507656066,0.0
178,0.0469964664310954,0.18583851976527302,0.005889281507656066,0.005889281507656066,97.21436984687868,0.011778563015312132,2.762073027090695
179,0.30394581861012954,1.0394171665102703,0.005889281507656066,0.4770318021201414,50.80683156654888,0.0,48.71024734982332
180,0.00035335689045936394,0.0027374764002234993,0.005889281507656066,99.98233215547702,0.005889281507656066,0.005889281507656066,0.0
181,0.005418138987043581,0.029529490204385802,0.005889281507656066,0.011778563015312132,99.7173144876325,0.005889281507656066,0.2591283863368669
182,0.00011778563015312132,0.000912497137591797,0.005889281507656066,0.0,0.0,99.99411071849235,0.0
183,0.00023557126030624264,0.0018249892710978232,0.005889281507656066,99.98822143698469,0.0,0.005889281507656066,0.0
184,0.3052414605418139,1.2326711723851758,0.005889281507656066,57.255594817432275,37.00235571260306,5.68904593639576,0.04711425206124853
185,0.0004711425206124853,0.003532172894520609,0.005889281507656066,0.011778563015312132,0.005889281507656066,99.97644287396938,0.0
186,0.00023557126030624264,0.0018249892710978232,0.005889281507656066,0.0,0.0,99.98822143698469,0.005889281507656066
187,0.17114252061248528,0.8447371938221374,0.005889281507656066,74.52885747938751,0.2591283863368669,25.16489988221437,0.04122497055359246
188,0.038869257950530034,0.16401725183306962,0.005889281507656066,2.34982332155477,0.0,0.0176678445229682,97.62661955241461
189,0.0009422850412249705,0.006142505729872197,0.005889281507656066,0.0,0.04122497055359246,99.95288574793875,0.0
190,0.30624263839811544,1.1079062806384732,0.005889281507656066,39.85865724381625,2.167255594817432,57.95053003533569,0.0176678445229682
191,0.3025323910482921,0.9923847286688425,0.005889281507656066,0.0176678445229682,56.08362779740872,0.0,43.89281507656066
192,0.00011778563015312132,0.000912497137591797,0.005889281507656066,0.0,99.99411071849235,0.0,0.0
193,0.2744405182567727,0.9636870590306796,0.005889281507656066,38.15665488810365,0.029446407538280327,61.808009422850404,0.0
194,0.0009422850412249705,0.006386422658616383,0.005889281507656066,99.95288574793875,0.0,0.0353356890459364,0.005889281507656066
195,0.00035335689045936394,0.0027374764002234993,0.005889281507656066,0.005889281507656066,99.98233215547702,0.0,0.005889281507656066
196,0.014546525323910483,0.07101411248361371,0.005889281507656066,0.05300353356890459,0.7479387514723204,0.0,99.19316843345112
197,0.00011778563015312132,0.000912497137591797,0.005889281507656066,0.0,0.0,0.0,99.99411071849235
198,0.00011778563015312132,0.000912497137591797,0.005889281507656066,99.99411071849235,0.0,0.0,0.0
199,0.25535924617196704,0.8998271643459533,0.005889281507656066,31.507656065959956,0.0,68.48645465253239,0.0
200,0.00011778563015312132,0.000912497137591797,0.005889281507656066,99.99411071849235,0.0,0.0,0.0
201,0.00011778563015312132,0.000912497137591797,0.005889281507656066,99.99411071849235,0.0,0.0,0.0
202,0.2590106007067138,0.9236985907469568,0.005889281507656066,0.0,33.792697290930505,0.0,66.20141342756185
203,0.00011778563015312132,0.000912497137591797,0.005889281507656066,99.99411071849235,0.0,0.0,0.0
204,0.00023557126030624264,0.0018249892710978232,0.005889281507656066,0.005889281507656066,0.0,99.98822143698469,0.0
205,0.015665488810365134,0.07397990621128211,0.005889281507656066,0.005889281507656066,0.8716136631330978,0.0,99.1166077738516
206,0.2758539458186101,1.0030131780942024,0.005889281507656066,38.45111896348645,61.071849234393405,0.0176678445229682,0.4534746760895171
207,0.0005889281507656066,0.004091293123541383,0.005889281507656066,0.0,99.97055359246173,0.0,0.023557126030624265
208,0.303886925795053,0.9992597009076035,0.005889281507656066,43.822143698468786,0.0706713780918728,56.08951707891637,0.011778563015312132
209,0.0008244994110718492,0.005798446716258848,0.005889281507656066,99.95877502944641,0.023557126030624265,0.011778563015312132,0.0
210,0.00011778563015312132,0.000912497137591797,0.005889281507656066,0.0,0.0,0.0,99.99411071849235
211,0.003651354534746761,0.02173384936646478,0.005889281507656066,99.81743227326267,0.05300353356890459,0.11189634864546526,0.011778563015312132
212,0.002355712603062426,0.013828576443493609,0.005889281507656066,99.88221436984688,0.0,0.10600706713780918,0.005889281507656066
213,0.00011778563015312132,0.000912497137591797,0.005889281507656066,0.0,99.99411071849235,0.0,0.0
214,0.0020023557126030624,0.01303008828092265,0.005889281507656066,99.89988221436985,0.029446407538280327,0.05300353356890459,0.011778563015312132
215,0.00023557126030624264,0.0018249892710978232,0.005889281507656066,0.0,0.0,99.98822143698469,0.005889281507656066
216,0.00011778563015312132,0.000912497137591797,0.005889281507656066,99.99411071849235,0.0,0.0,0.0
217,0.005771495877502945,0.028918589638789738,0.005889281507656066,0.2826855123674912,0.0,99.71142520612484,0.0
218,0.00011778563015312132,0.000912497137591797,0.005889281507656066,99.99411071849235,0.0,0.0,0.0
219,0.3022968197879859,0.9946637585127469,0.005889281507656066,55.400471142520615,0.0176678445229682,44.57597173144877,0.0
220,0.2610718492343934,0.9454150771156886,0.005889281507656066,63.869257950530034,0.0,36.11896348645465,0.005889281507656066
221,0.0004711425206124853,0.0033699298142989675,0.005889281507656066,99.97644287396938,0.0,0.0,0.0176678445229682
222,0.0004711425206124853,0.0033699298142989675,0.005889281507656066,0.0,99.97644287396938,0.0,0.0176678445229682
223,0.00011778563015312132,0.000912497137591797,0.005889281507656066,0.0,0.0,99.99411071849235,0.0
224,0.001177856301531213,0.008093546215320565,0.005889281507656066,0.0353356890459364,0.011778563015312132,99.94110718492344,0.005889281507656066
225,0.0017667844522968198,0.011450525820444552,0.005889281507656066,0.0176678445229682,99.91166077738515,0.005889281507656066,0.058892815076560655
226,0.28698468786808007,1.013012587681592,0.005889281507656066,47.06713780918728,0.10600706713780918,52.791519434628974,0.029446407538280327
227,0.00011778563015312132,0.000912497137591797,0.005889281507656066,0.0,0.0,0.0,99.99411071849235
228,0.00023557126030624264,0.0018249892710978232,0.005889281507656066,0.0,99.98822143698469,0.0,0.005889281507656066
229,0.27043580683156654,0.9722962532864885,0.005889281507656066,0.1413427561837456,37.526501766784456,0.0176678445229682,62.30859835100118
230,0.0004711425206124853,0.0033699298142989675,0.005889281507656066,0.0,99.97644287396938,0.0,0.0176678445229682
231,0.0005889281507656066,0.004282406933779106,0.005889281507656066,0.005889281507656066,0.0176678445229682,0.0,99.97055359246173
232,0.0049469964664310955,0.028332678361654123,0.005889281507656066,0.10011778563015312,99.75265017667844,0.011778563015312132,0.12956419316843346
233,0.017550058892815076,0.09460075314131886,0.005889281507656066,0.0176678445229682,1.160188457008245,98.81625441696113,0.0
234,0.00011778563015312132,0.000912497137591797,0.005889281507656066,0.0,0.0,0.0,99.99411071849235
235,0.03256772673733804,0.1595755346754239,0.005889281507656066,1.254416961130742,98.04475853945819,0.029446407538280327,0.6654888103651354
236,0.00023557126030624264,0.0018249892710978232,0.005889281507656066,0.0,99.98822143698469,0.0,0.005889281507656066
237,0.002237926972909305,0.015620916054588,0.005889281507656066,0.09422850412249706,99.87043580683157,0.0,0.029446407538280327
238,0.00530035335689046,0.03138900917600033,0.005889281507656066,0.0,99.68197879858657,0.0,0.3121319199057715
239,0.00011778563015312132,0.000912497137591797,0.005889281507656066,0.0,0.0,99.99411071849235,0.0
240,0.0004711425206124853,0.0033699298142989675,0.005889281507656066,99.97644287396938,0.0176678445229682,0.0,0.0
241,0.007361601884570083,0.047716173849156426,0.005889281507656066,0.0,99.47585394581861,0.0,0.5182567726737338
242,0.00011778563015312132,0.000912497137591797,0.005889281507656066,0.0,0.0,99.99411071849235,0.0
243,0.0005889281507656066,0.004444650014000746,0.005889281507656066,99.97055359246173,0.005889281507656066,0.011778563015312132,0.005889281507656066
244,0.2974676089517079,1.0040330609506851,0.005889281507656066,51.86690223792697,0.0353356890459364,48.091872791519435,0.0
245,0.001531213191990577,0.009941423390868806,0.005889281507656066,99.91755005889281,0.0,0.0,0.07656065959952886
246,0.00011778563015312132,0.000912497137591797,0.005889281507656066,0.0,0.0,99.99411071849235,0.0
247,0.059481743227326266,0.337909410311149,0.005889281507656066,93.75147232037692,0.0,6.24263839811543,0.0
248,0.0027090694935217904,0.016330414167213772,0.005889281507656066,99.8527679623086,0.0,0.0,0.1413427561837456
249,0.00011778563015312132,0.000912497137591797,0.005889281507656066,0.0,0.0,99.99411071849235,0.0
250,0.30153121319199055,0.9861384260274895,0.005889281507656066,42.8680800942285,0.0,57.126030624263834,0.0
251,0.00023557126030624264,0.0018249892710978232,0.005889281507656066,99.98822143698469,0.0,0.0,0.005889281507656066
252,0.00035335689045936394,0.0027374764002234993,0.005889281507656066,99.98233215547702,0.0,0.005889281507656066,0.005889281507656066
253,0.04487632508833922,0.1826204748954548,0.005889281507656066,0.0,97.24381625441696,0.0,2.750294464075383
254,0.00023557126030624264,0.0018249892710978232,0.005889281507656066,99.98822143698469,0.0,0.0,0.005889281507656066
255,0.03651354534746761,0.3603084092697534,0.005889281507656066,93.18610129564193,0.0,6.802120141342756,0.005889281507656066
256,0.013250883392226149,0.06368957522634082,0.005889281507656066,99.26972909305066,0.0,0.7126030624263839,0.011778563015312132
257,0.0010600706713780918,0.006798866504638798,0.005889281507656066,0.0,99.94699646643109,0.0,0.04711425206124853
258,0.00011778563015312132,0.000912497137591797,0.005889281507656066,99.99411071849235,0.0,0.0,0.0
259,0.05176678445229682,0.5491589139063935,0.005889281507656066,0.0,12.667844522968197,0.0,87.32626619552416
260,0.013722025912838633,0.07104982956611829,0.005889281507656066,0.0,0.8421672555948174,0.0,99.15194346289753
261,0.00011778563015312132,0.000912497137591797,0.005889281507656066,0.0,99.99411071849235,0.0,0.0
262,0.28180212014134276,0.9807877227756626,0.005889281507656066,40.34157832744405,0.05300353356890459,59.593639575971736,0.005889281507656066
263,0.00035335689045936394,0.0026196907700703777,0.005889281507656066,0.011778563015312132,0.0,99.98233215547702,0.0
264,0.00011778563015312132,0.000912497137591797,0.005889281507656066,99.99411071849235,0.0,0.0,0.0
265,0.024499411071849234,0.15357976434233842,0.005889281507656066,97.79151943462897,0.0,2.2025912838633683,0.0
266,0.0005889281507656066,0.004091293123541383,0.005889281507656066,0.023557126030624265,0.0,99.97055359246173,0.0
267,0.0009422850412249705,0.006739779549075748,0.005889281507656066,99.95288574793875,0.005889281507656066,0.0176678445229682,0.0176678445229682
268,0.2656654888103651,0.9763237475226522,0.005889281507656066,62.27915194346289,0.11778563015312131,37.52061248527679,0.07656065959952886
269,0.00011778563015312132,0.000912497137591797,0.005889281507656066,0.0,0.0,0.0,99.99411071849235
270,0.00011778563015312132,0.000912497137591797,0.005889281507656066,99.99411071849235,0.0,0.0,0.0
271,0.30347467608951706,0.9832777552794909,0.005889281507656066,0.0,42.208480565371026,0.0,57.78563015312132
272,0.00023557126030624264,0.0018249892710978232,0.005889281507656066,0.0,0.005889281507656066,0.0,99.98822143698469
273,0.00011778563015312132,0.000912497137591797,0.005889281507656066,0.0,0.0,0.0,99.99411071849235
274,0.19204946996466432,0.7432451352807908,0.005889281507656066,18.527679623085984,0.16489988221436985,0.36513545347467613,80.93639575971731
275,0.00011778563015312132,0.000912497137591797,0.005889281507656066,99.99411071849235,0.0,0.0,0.0
276,0.005653710247349823,0.0323012356703252,0.005889281507656066,0.3121319199057715,0.0,99.6760895170789,0.005889281507656066
277,0.2827444051825677,0.9736158420092019,0.005889281507656066,0.0,40.31213191990577,0.0,59.68197879858658
278,0.011778563015312132,0.060282070803999166,0.005889281507656066,0.5653710247349824,0.07656065959952886,99.35217903415783,0.0
279,0.0016489988221436984,0.010703758895998606,0.005889281507656066,0.0,0.04122497055359246,0.0353356890459364,99.91755005889281
280,0.2879269729093051,1.0575260764356336,0.005889281507656066,1.171967020023557,38.20965842167256,60.482921083627794,0.12956419316843346
281,0.00011778563015312132,0.000912497137591797,0.005889281507656066,0.0,0.0,99.99411071849235,0.0
282,0.00011778563015312132,0.000912497137591797,0.005889281507656066,0.0,0.0,99.99411071849235,0.0
283,0.026266195524146056,0.11619663757120301,0.005889281507656066,1.4958775029446407,0.023557126030624265,98.47467608951708,0.0
284,0.00011778563015312132,0.000912497137591797,0.005889281507656066,99.99411071849235,0.0,0.0,0.0
285,0.00023557126030624264,0.0018249892710978232,0.005889281507656066,99.98822143698469,0.0,0.005889281507656066,0.0
286,0.26749116607773854,0.9537526156047909,0.005889281507656066,62.70318021201413,0.0,37.29093050647821,0.0
287,0.0007067137809187279,0.004791183348802708,0.005889281507656066,0.029446407538280327,0.0,99.96466431095406,0.0
288,0.00023557126030624264,0.0018249892710978232,0.005889281507656066,99.98822143698469,0.0,0.0,0.005889281507656066
289,0.2696113074204947,0.969465241224253,0.005889281507656066,0.0,60.388692579505296,0.0,39.60541813898704
290,0.0004711425206124853,0.0034143872643674876,0.011778563015312132,0.0,0.011778563015312132,0.0,99.97644287396938
291,0.0007067137809187279,0.005003765237756584,0.005889281507656066,0.0,0.023557126030624265,0.005889281507656066,99.96466431095406
292,0.309658421672556,1.0675305508655821,0.005889281507656066,0.09422850412249706,49.40518256772673,0.7597173144876325,49.734982332155475
293,0.00023557126030624264,0.0018249892710978232,0.005889281507656066,99.98822143698469,0.0,0.005889281507656066,0.0
294,0.001531213191990577,0.009620980053232859,0.005889281507656066,99.92343934040046,0.005889281507656066,0.06478209658421673,0.0
295,0.0027090694935217904,0.01595286311759668,0.005889281507656066,0.11189634864546526,0.0176678445229682,99.8645465253239,0.0
296,0.00023557126030624264,0.0018249892710978232,0.005889281507656066,99.98822143698469,0.0,0.005889281507656066,0.0
297,0.0008244994110718492,0.005473960555815565,0.005889281507656066,99.95877502944641,0.0,0.0353356890459364,0.0
298,0.005418138987043581,0.0279182380739637,0.005889281507656066,99.72320376914017,0.0,0.270906949352179,0.0
299,0.00011778563015312132,0.000912497137591797,0.005889281507656066,99.99411071849235,0.0,0.0,0.0
300,0.00011778563015312132,0.000912497137591797,0.005889281507656066,0.0,0.0,0.0,99.99411071849235
301,0.2659599528857479,0.986438141970914,0.005889281507656066,37.11425206124853,62.53828032979977,0.1590106007067138,0.18256772673733807
302,0.00011778563015312132,0.000912497137591797,0.005889281507656066,0.0,0.0,99.99411071849235,0.0
303,0.00011778563015312132,0.000912497137591797,0.005889281507656066,0.0,0.0,99.99411071849235,0.0
304,0.30394581861012954,1.0056365101144369,0.005889281507656066,49.628975265017665,0.04122497055359246,50.323910482921086,0.0
305,0.00011778563015312132,0.000912497137591797,0.005889281507656066,0.0,0.0,99.99411071849235,0.0
306,0.00011778563015312132,0.000912497137591797,0.005889281507656066,0.0,0.0,99.99411071849235,0.0
307,0.3232037691401649,1.1057645836900527,0.005889281507656066,43.17432273262662,1.2190812720848057,55.21201413427562,0.3886925795053004
308,0.0007067137809187279,0.005473960555815565,0.005889281507656066,0.0,0.0353356890459364,0.0,99.95877502944641
309,0.00023557126030624264,0.0018249892710978232,0.005889281507656066,0.0,0.005889281507656066,0.0,99.98822143698469
310,0.0682567726737338,0.29507929565786545,0.005889281507656066,4.151943462897526,0.44758539458186103,0.029446407538280327,95.36513545347468
311,0.002237926972909305,0.01442610533882449,0.005889281507656066,99.88221436984688,0.0,0.08244994110718493,0.029446407538280327
312,0.0005889281507656066,0.004091293123541383,0.005889281507656066,0.0,99.97055359246173,0.0,0.023557126030624265
313,0.22579505300353356,0.8445905682627892,0.005889281507656066,77.20259128386337,1.2367491166077738,0.0,21.554770318021202
314,0.00011778563015312132,0.000912497137591797,0.005889281507656066,0.0,99.99411071849235,0.0,0.0
315,0.00011778563015312132,0.000912497137591797,0.005889281507656066,99.99411071849235,0.0,0.0,0.0
316,0.2694935217903416,0.9565346274767245,0.005889281507656066,0.0,37.667844522968196,0.0,62.32626619552415
317,0.037809187279151946,0.15961754845109355,0.005889281507656066,97.69140164899882,0.0,0.005889281507656066,2.2968197879858656
318,0.05005889281507656,0.45802671241988246,0.005889281507656066,9.628975265017669,0.0,90.36513545347468,0.0
319,0.2865135453474676,0.9811335533039758,0.005889281507656066,41.74911660777385,0.0,58.244994110718494,0.0
320,0.00035335689045936394,0.0026196907700703777,0.005889281507656066,99.98233215547702,0.0,0.0,0.011778563015312132
321,0.001884570082449941,0.011148036765486535,0.005889281507656066,0.08833922261484099,0.0,99.9057714958775,0.0
322,0.01802120141342756,0.09063216258628778,0.005889281507656066,98.85747938751473,0.0,1.1366313309776208,0.0
323,0.2863368669022379,0.9677174236238623,0.005889281507656066,38.851590106007066,0.023557126030624265,61.118963486454646,0.0
324,0.02143698468786808,0.11051991180092142,0.005889281507656066,0.005889281507656066,98.64546525323911,1.2190812720848057,0.12367491166077739
325,0.2662544169611307,1.090801577287241,0.005889281507656066,56.37220259128386,1.3545347467608952,0.15312131919905772,42.11425206124852
326,0.0017667844522968198,0.011148036765486535,0.005889281507656066,0.08833922261484099,0.0,99.9057714958775,0.0
327,0.002237926972909305,0.013244312344725633,0.005889281507656066,99.88810365135453,0.0,0.10011778563015312,0.005889281507656066
328,0.26772673733804475,0.9662806105844901,0.005889281507656066,0.08833922261484099,62.608951707891634,0.023557126030624265,37.27326266195524
329,0.0010600706713780918,0.006798866504638798,0.005889281507656066,0.04711425206124853,0.0,99.94699646643109,0.0
330,0.00011778563015312132,0.000912497137591797,0.005889281507656066,0.0,0.0,99.99411071849235,0.0
331,0.2749705535924617,0.981516342137061,0.005889281507656066,58.33922261484099,0.005889281507656066,41.648998822143696,0.0
332,0.00023557126030624264,0.0018249892710978232,0.005889281507656066,99.98822143698469,0.0,0.0,0.005889281507656066
333,0.013898704358068316,0.25649008899248343,0.005889281507656066,95.70082449941107,0.0,4.293286219081272,0.0
334,0.0964075382803298,0.7410150828861087,0.005889281507656066,79.14016489988221,0.0,20.842167255594816,0.011778563015312132
335,0.00023557126030624264,0.0018249892710978232,0.005889281507656066,0.0,99.98822143698469,0.0,0.005889281507656066
336,0.00011778563015312132,0.000912497137591797,0.005889281507656066,0.0,0.0,99.99411071849235,0.0
337,0.00023557126030624264,0.0018249892710978232,0.005889281507656066,0.0,0.005889281507656066,99.98822143698469,0.0
338,0.060188457008244996,0.3580938628930511,0.005889281507656066,93.26266195524147,0.005889281507656066,6.719670200235571,0.005889281507656066
339,0.19528857479387515,0.7216067916243107,0.005889281507656066,0.005889281507656066,80.22379269729093,0.023557126030624265,19.74087161366313
340,0.058598351001177856,0.26837988501446386,0.005889281507656066,4.428739693757362,0.04711425206124853,95.51825677267374,0.0
341,0.001177856301531213,0.007444573894434,0.005889281507656066,99.94110718492344,0.0,0.0,0.05300353356890459
342,0.00011778563015312132,0.000912497137591797,0.005889281507656066,0.0,0.0,99.99411071849235,0.0
343,0.2730859835100118,0.9658521916888729,0.005889281507656066,39.02826855123675,0.0,60.96584216725559,0.0
344,0.00011778563015312132,0.000912497137591797,0.005889281507656066,0.0,0.0,99.99411071849235,0.0
345,0.00011778563015312132,0.000912497137591797,0.005889281507656066,99.99411071849235,0.0,0.0,0.0
346,0.04381625441696113,0.17774919224193916,0.005889281507656066,97.33804475853945,0.0,2.656065959952886,0.0
347,0.001531213191990577,0.010233598625117843,0.005889281507656066,0.04122497055359246,0.023557126030624265,0.005889281507656066,99.92343934040046
348,0.00011778563015312132,0.000912497137591797,0.005889281507656066,0.0,99.99411071849235,0.0,0.0
349,0.03292108362779741,0.1646819711814062,0.005889281507656066,0.1413427561837456,0.6595995288574794,1.160188457008245,98.03297997644287
350,0.2716725559481743,0.9645743768586386,0.005889281507656066,38.56890459363957,0.005889281507656066,61.41342756183745,0.005889281507656066
351,0.0021201413427561835,0.013449663834787809,0.005889281507656066,0.011778563015312132,99.88810365135453,0.0,0.09422850412249706
352,0.020259128386336867,0.09982193123286047,0.005889281507656066,0.023557126030624265,1.2308598351001179,0.0,98.73969375736161
353,0.0012956419316843344,0.008505980048158647,0.005889281507656066,0.011778563015312132,0.04711425206124853,0.0,99.93521790341579
354,0.00023557126030624264,0.0018249892710978232,0.005889281507656066,0.0,99.98822143698469,0.0,0.005889281507656066
355,0.02237926972909305,0.11515385182119542,0.005889281507656066,0.05300353356890459,98.60424028268551,1.2308598351001179,0.10600706713780918
356,0.0008244994110718492,0.005473960555815565,0.005889281507656066,0.0,99.95877502944641,0.0,0.0353356890459364
357,0.0005889281507656066,0.004282406933779105,0.005889281507656066,99.97055359246173,0.005889281507656066,0.0176678445229682,0.0
358,0.014016489988221437,0.07347007043767918,0.005889281507656066,0.0,99.1166077738516,0.0,0.8775029446407537
359,0.00035335689045936394,0.0026196907700703777,0.005889281507656066,0.011778563015312132,0.0,99.98233215547702,0.0
360,0.00011778563015312132,0.000912497137591797,0.005889281507656066,99.99411071849235,0.0,0.0,0.0
361,0.012779740871613663,0.17692477947663152,0.005889281507656066,0.023557126030624265,2.5795053003533566,0.0,97.39104829210837
362,0.00035335689045936394,0.0027374764002234993,0.005889281507656066,99.98233215547702,0.0,0.005889281507656066,0.005889281507656066
363,0.00011778563015312132,0.000912497137591797,0.005889281507656066,99.99411071849235,0.0,0.0,0.0
364,0.006949352179034158,0.03478075235883387,0.005889281507656066,99.64075382803298,0.0,0.35335689045936397,0.0
365,0.0004711425206124853,0.0035321728945206087,0.005889281507656066,0.011778563015312132,0.0,99.97644287396938,0.005889281507656066
366,0.00023557126030624264,0.0018249892710978232,0.005889281507656066,99.98822143698469,0.0,0.005889281507656066,0.0
367,0.022968197879858657,0.11211960744166712,0.005889281507656066,98.57479387514724,0.0353356890459364,1.3663133097762075,0.0176678445229682
368,0.00035335689045936394,0.0026196907700703777,0.005889281507656066,0.011778563015312132,0.0,99.98233215547702,0.0
369,0.00011778563015312132,0.000912497137591797,0.005889281507656066,99.99411071849235,0.0,0.0,0.0
370,0.015901060070671377,0.08152127323335295,0.005889281507656066,99.00471142520612,0.0,0.983510011778563,0.005889281507656066
371,0.0014134275618374558,0.009151677424179444,0.005889281507656066,99.92932862190813,0.0,0.05300353356890459,0.011778563015312132
372,0.00011778563015312132,0.000912497137591797,0.005889281507656066,0.0,99.99411071849235,0.0,0.0
373,0.019787985865724382,0.1000130450430982,0.005889281507656066,98.73969375736161,0.005889281507656066,0.0176678445229682,1.2308598351001179
374,0.0020023557126030624,0.012655042446016493,0.005889281507656066,99.89399293286219,0.0,0.005889281507656066,0.09422850412249706
375,0.0014134275618374558,0.008708542984130594,0.005889281507656066,0.06478209658421673,0.0,99.92932862190813,0.0
376,0.03221436984687868,0.1539019354365717,0.005889281507656066,2.208480565371025,0.0,97.78563015312132,0.0
377,0.2692579505300353,0.9670913312932232,0.005889281507656066,39.2226148409894,0.0,0.0,60.77149587750294
378,0.0004711425206124853,0.003369929814298968,0.005889281507656066,0.0176678445229682,0.0,99.97644287396938,0.0
379,0.053003533568904596,0.3412574088945933,0.005889281507656066,93.7279151943463,0.0176678445229682,6.24263839811543,0.005889281507656066
