Position,Mutability,Shannon_entropy,Gap_percentage,A_percentage,T_percentage,G_percentage,C_percentage
1,0.4372345846781043,1.5052300045166986,50.334635637846105,23.118736198403262,26.448105996262957,0.0373704773229149,0.06115169016476983
2,0.4402921691863428,1.5560631769463222,50.05605571598437,23.34975369458128,0.8799048751486327,0.020383896721589943,25.693901817564125
3,0.43754034312892814,1.5267031476117723,47.99728214710379,23.699677254968574,28.194326482079155,0.010191948360794971,0.09852216748768472
4,0.3296076099881094,1.0090155750063612,47.691523696279944,52.21674876847291,0.016986580601324953,0.0713436385255648,0.0033973161202649903
5,0.43754034312892814,1.6177210464820768,47.518260574146424,1.6069305248853405,28.639374893833867,22.085952097842704,0.1494819092916596
6,0.4361474435196195,1.524349593357785,47.450314251741126,0.027178528962119922,28.534058094105657,0.0033973161202649903,23.985051809070836
7,0.32780703244436893,1.0169964084025231,47.22269407168337,52.600645490062846,0.1121114319687447,0.05095974180397486,0.013589264481059961
8,0.3258026159334126,1.0156020171398437,46.76065907932733,53.05588585017836,0.006794632240529981,0.16646848989298454,0.010191948360794971
9,0.3302870732121624,1.0434858949735935,46.64515033123832,0.0747409546458298,0.45863767623577373,0.0033973161202649903,52.81807372175981
10,6.794632240529981e-05,0.0010387559730977952,0.006794632240529981,99.99320536775947,0.0,0.0,0.0
11,0.00013589264481059961,0.004650142672252873,0.006794632240529981,0.0,99.96602683879735,0.027178528962119922,0.0
12,0.00013589264481059961,0.004650142672252873,0.006794632240529981,0.0,0.0,99.96602683879735,0.027178528962119922
13,0.020859520978427044,0.09686951379686412,0.006794632240529981,98.78376082894513,0.006794632240529981,1.1924579582130117,0.010191948360794971
14,0.0023101749617801936,0.014689059386390703,0.006794632240529981,99.87769661967046,0.0033973161202649903,0.10191948360794972,0.010191948360794971
15,0.04786818413453372,0.31578235209192645,0.41786988279259385,4.647528452522507,0.0373704773229149,94.89043655512145,0.006794632240529981
16,0.29254289111601833,1.0352000166146755,0.41786988279259385,52.68897570918975,0.010191948360794971,46.872770511296075,0.010191948360794971
17,0.054187192118226604,0.3390519011679842,0.41786988279259385,0.5741464243247835,4.161712247324614,0.0,94.846271445558
18,0.3070154577883472,1.136524218069804,0.41786988279259385,47.277051129607614,50.87480890096824,0.2208255478172244,1.2094445388143367
19,0.010395787328010872,0.059711133846716745,0.4110752505520639,99.39188041447257,0.0033973161202649903,0.18685238661457448,0.006794632240529981
20,0.04871751316459996,0.3294337385881582,0.4110752505520639,4.426702904705283,94.8666553422796,0.013589264481059961,0.28197723798199426
21,0.2947511465941906,1.0653490953043045,0.4110752505520639,47.41973840665874,0.27518260574146425,0.0713436385255648,51.822660098522164
22,0.29675556310514695,1.0872408638690065,0.4110752505520639,52.138610497706814,0.1121114319687447,0.5469678953626634,46.791234924409714
23,0.2883302191268898,1.0023992808584987,47.85799218617292,0.0,52.11143196874469,0.0,0.030575845082384916
24,0.28914557499575333,1.0135588639885127,47.82741634109054,0.04756242568370987,52.04008833021913,0.006794632240529981,0.07813827076609478
25,0.28839816544929503,1.0064540411516152,47.82741634109054,0.0713436385255648,0.0,52.1012400203839,0.0
26,0.2879904875148633,1.0040556470961675,47.82741634109054,0.0,0.0373704773229149,0.006794632240529981,52.12841854934601
27,0.3054526923730253,1.0885303891130376,47.85799218617292,0.05095974180397486,50.8883981654493,0.020383896721589943,1.1822660098522169
28,0.2895192797689825,1.0090571467713096,47.85799218617292,0.0033973161202649903,52.05028027857992,0.010191948360794971,0.07813827076609478
29,0.28846611177170034,1.0034154769131398,47.891965347375574,0.0,52.07066417530151,0.030575845082384916,0.006794632240529981
30,0.2900628503482249,1.0167979079580525,47.891965347375574,0.10871411584847969,0.06115169016476983,51.93816884661118,0.0
31,0.2905724477662647,1.01713605157347,47.891965347375574,51.927976898250385,0.027178528962119922,0.15287922541192459,0.0
32,0.28846611177170034,1.0023325798587281,47.891965347375574,0.016986580601324953,0.010191948360794971,52.080856123662315,0.0
33,0.28812638015967384,1.000213657696387,47.891965347375574,0.0,0.0033973161202649903,0.006794632240529981,52.09784270426363
34,0.2916256157635468,1.0225368606974743,47.891965347375574,0.023781212841854936,51.86342789196535,0.0033973161202649903,0.21742823169695938
35,0.3073212162391711,1.2108110470062132,47.85799218617292,47.94292508917955,0.006794632240529981,4.185493460166469,0.006794632240529981
36,0.287141158484797,1.0046282197926926,47.446916935620855,0.0,0.05775437404450484,0.0,52.49532869033463
37,0.2889757091897401,1.0181109010804004,47.450314251741126,52.369627993884826,0.054357057924239845,0.09172753524715474,0.033973161202649906
38,0.016850687956514353,0.09225374446599574,0.5095974180397486,0.006794632240529981,98.99439442840156,0.006794632240529981,0.4824188890776287
39,0.2948190929165959,1.064966621345517,0.5095974180397486,46.876167827416346,52.35264141328351,0.10191948360794972,0.15967385765245456
40,0.27769661967046033,1.234594912725231,0.5095974180397486,0.363512824868354,3.213861049770681,42.21505011041277,53.69797859690845
41,0.016273144216069305,0.09125881758555285,0.0033973161202649903,0.4246645150331238,99.00798369288262,0.013589264481059961,0.5503652114829285
42,0.044538814336674025,0.30779119088004636,0.0033973161202649903,95.03652114829285,0.32274503142517413,4.565992865636147,0.0713436385255648
43,0.30154577883472056,1.1099334312491753,0.0033973161202649903,0.9206726685918124,52.02989638185833,46.46848989298454,0.5775437404450484
44,0.2901307966706302,1.0163747022239638,0.0033973161202649903,0.08493290300662477,47.81722439272975,52.01970443349754,0.0747409546458298
45,0.048921352131815865,0.265956251487216,0.0033973161202649903,0.027178528962119922,95.55970783081365,0.010191948360794971,4.399524375743162
46,0.0383217258365891,0.17812965607887613,0.0,2.0248004076779345,0.34312892814676405,0.016986580601324953,97.61508408357398
47,0.0034652624426702904,0.021617166908604685,0.0,0.12230338032953966,99.8165449295057,0.030575845082384916,0.030575845082384916
48,0.03930694751146594,0.17722612538203658,0.0,1.2909801257006965,0.9274673008323424,97.76796330898591,0.013589264481059961
49,0.29787667742483437,1.245165244348229,0.0,0.31934771530490913,4.630541871921182,52.21335145235264,42.836758960421264
50,0.00727025649736708,0.039520601296260637,0.0,0.006794632240529981,99.62629522677085,0.13928996093086463,0.22762018005775436
51,0.2960421267198913,1.3957853155238131,0.0,36.45999660268388,52.369627993884826,10.806862578562935,0.363512824868354
52,0.01406488873789706,0.0793555960567321,0.0,0.06454900628503482,99.17445218277561,0.49600815355868866,0.2649906573806693
53,0.30117207406149143,1.2832391741264526,0.0,42.23883132325463,52.16239171054866,4.705282826567013,0.8934941396296926
54,0.2768472906403941,1.032598766399026,0.0,0.48921352131815865,42.12671989128589,0.09172753524715474,57.2923390521488
55,0.29145574995753354,1.0153313182435704,0.0,48.2588754883642,0.13589264481059962,51.58484797010362,0.020383896721589943
56,0.01080346526244267,0.0546039542606779,0.0,0.006794632240529981,0.6013249532869034,0.0033973161202649903,99.3884830983523
57,0.2925089179548157,1.0502149635917093,0.0,47.44012230338033,51.93816884661118,0.07813827076609478,0.5435705792423985
58,0.29369797859690844,1.0543647328347232,0.0,0.13249532869033465,46.543230847630376,0.5537625276031936,52.770511296076094
59,0.29091217937829117,1.0349311122617346,47.48089009682351,52.09784270426363,0.010191948360794971,0.010191948360794971,0.40088330219126894
60,0.2919653473755733,1.0396280313901316,47.48089009682351,52.016307117377266,0.0,0.49600815355868866,0.006794632240529981
61,0.29597418039748596,1.056037040775512,47.48089009682351,51.775097672838456,0.0,0.720231017496178,0.023781212841854936
62,0.29342619330728725,1.0505258546770446,47.48089009682351,51.93137421437065,0.40428061831153395,0.17326312213351452,0.010191948360794971
63,0.29831832852046886,1.0785348996107216,47.48089009682351,51.56106675726176,0.033973161202649906,0.49261083743842365,0.4314591472736538
64,0.328384576184814,1.546387129423077,47.48089009682351,29.831832852046887,0.3397316120264991,0.04416510956344488,22.303380329539664
65,0.28778664854764735,1.0064741898433895,47.48089009682351,0.023781212841854936,52.45116358077119,0.0033973161202649903,0.040767793443179885
66,0.29492101240020385,1.0568876335303,47.48768472906404,0.030575845082384916,51.764905724477664,0.0033973161202649903,0.713436385255648
67,0.2875488364192288,1.0062036794764972,47.48768472906404,0.020383896721589943,0.0373704773229149,0.006794632240529981,52.44776626465093
68,0.28737897061321555,1.0039536029266927,47.48768472906404,0.013589264481059961,0.023781212841854936,0.006794632240529981,52.46815016137252
69,0.2961780193647019,1.3236441415947595,47.48089009682351,0.4382537795141838,45.462884321386106,0.030575845082384916,6.587395957193817
70,0.29254289111601833,1.042564763799574,47.48089009682351,0.5401732631221335,0.0,51.97214200781383,0.006794632240529981
71,0.3020553762527603,1.1197702605433713,47.48089009682351,0.696449804654323,0.3940886699507389,51.01409886189911,0.41447256667232885
72,0.2910820451843044,1.0309889686691245,47.48089009682351,52.15219976218787,0.023781212841854936,0.34312892814676405,0.0
73,0.2878885680312553,1.010684211963434,47.48089009682351,52.40699847120774,0.013589264481059961,0.09172753524715474,0.006794632240529981
74,0.2894513334465772,1.024635718480405,47.48089009682351,52.25411924579581,0.17666043825377953,0.08833021912688976,0.0
75,0.002921691863427892,0.018738330470015274,0.0,0.04756242568370987,99.84712077458808,0.027178528962119922,0.07813827076609478
76,0.304025819602514,1.1295070459217822,0.0,0.17326312213351452,45.50704943094955,52.42738236792933,1.8923050789876
77,0.11890606420927467,0.8552456184082267,0.0,74.22116527942924,0.016986580601324953,25.360964837778155,0.40088330219126894
78,0.020689655172413793,0.11344030961414558,0.0,0.5095974180397486,0.17326312213351452,0.5469678953626634,98.77017156446406
79,0.026906743672498727,0.14254744340708425,0.033973161202649906,98.41005605571598,0.39069135383047393,0.8527263461865127,0.3125530830643791
80,0.04756242568370987,0.3209158986783116,0.033973161202649906,94.80210633599457,0.013589264481059961,4.705282826567013,0.4450484117547138
81,0.2311194156616273,0.9656026131509723,0.033973161202649906,0.0373704773229149,37.764565992865634,0.0033973161202649903,62.16069305248853
82,0.29706132155597076,1.2411886521149587,0.033973161202649906,52.593850857822325,5.109563444878546,0.04756242568370987,42.21505011041277
83,0.05428911160183455,0.31399514934944805,0.033973161202649906,5.4051299473415995,0.0373704773229149,94.51333446577203,0.010191948360794971
84,0.018617292339052148,0.10451191478368621,0.033973161202649906,0.4314591472736538,0.6319007983692883,0.0373704773229149,98.8652964158315
85,0.012264311194156616,0.07183005287150825,0.033973161202649906,99.26957703414303,0.5129947341600135,0.11890606420927466,0.06454900628503482
86,0.024596568710718532,0.13404893855280625,0.4110752505520639,0.016986580601324953,0.47562425683709864,0.5571598437234585,98.53915406828605
87,0.299949040258196,1.0885778040896477,0.4110752505520639,47.841005605571596,0.6522846950908782,51.05486665534228,0.040767793443179885
88,0.006862578562935281,0.040873067200569525,0.4110752505520639,0.016986580601324953,0.0,99.57193816884661,0.0
89,0.2908782062170885,1.034635195253929,0.4110752505520639,47.46730083234245,0.0,0.013589264481059961,52.108034652624426
90,0.30225921521997623,1.1199413473886901,0.4110752505520639,51.493120434856465,0.49261083743842365,0.6047222694071683,46.99847120774588
91,0.015355868863597757,0.0879924561417087,0.4110752505520639,99.03855953796501,0.0,0.0033973161202649903,0.5469678953626634
92,0.019126889757091897,0.10778738306729937,0.4110752505520639,0.6522846950908782,0.1121114319687447,0.0,98.82452862238831
93,0.29784270426363174,1.065797876326231,0.4110752505520639,46.91014098861899,0.356718192627824,52.29828435535927,0.023781212841854936
94,0.29787667742483437,1.2650743330074252,0.4110752505520639,5.011041277390861,42.59215219976219,0.006794632240529981,51.97893664005435
95,6.794632240529981e-05,0.00055335198034168,0.0,0.0,99.99660268387973,0.0,0.0033973161202649903
96,0.2977068116188211,1.0777841047808412,0.0,46.92712756922032,0.5469678953626634,52.087650755902835,0.4382537795141838
97,0.00033973161202649905,0.002630850604530822,0.0,0.006794632240529981,99.98301341939867,0.006794632240529981,0.0033973161202649903
98,6.794632240529981e-05,0.00055335198034168,0.0,0.0,0.0033973161202649903,99.99660268387973,0.0
99,0.2917275352471547,0.9980491025662396,0.0,0.0,47.07321216239171,0.0033973161202649903,52.923390521488024
100,0.2886359775777136,1.0093232561609649,0.0,47.429930355019536,0.013589264481059961,0.08833021912688976,52.46815016137252
101,0.00020383896721589944,0.0015921046230226907,0.0,0.0,99.9898080516392,0.0033973161202649903,0.006794632240529981
102,0.2960421267198913,1.2203177152307225,0.0,46.70969933752336,49.50229318838118,3.0813657210803465,0.7066417530151181
103,6.794632240529981e-05,0.00055335198034168,0.0,0.0,0.0033973161202649903,99.99660268387973,0.0
104,0.00013589264481059961,0.0010387559730977952,0.0,0.0,0.006794632240529981,99.99320536775947,0.0
105,0.3077628673348055,1.3694699954929928,0.0,2.870732121623917,42.88771870222524,49.85221674876848,4.389332427382367
106,0.2870052658399864,0.9981284234197559,0.0,0.0,47.45371156786139,0.0,52.54628843213861
107,0.00033973161202649905,0.002494957959720222,0.0,99.98301341939867,0.013589264481059961,0.0033973161202649903,0.0
108,0.26135552913198573,0.985184729132002,0.0,0.0,42.72125021233226,0.0033973161202649903,57.27535247154748
109,0.0006794632240529981,0.004564213505852981,0.0,0.0033973161202649903,0.030575845082384916,0.0,99.96602683879735
110,0.00020383896721589944,0.0019416126404384274,0.0,99.98641073551894,0.0,0.013589264481059961,0.0
111,0.0020383896721589945,0.013050266404743611,0.0,0.030575845082384916,99.89468320027179,0.0033973161202649903,0.0713436385255648
112,0.002174282316969594,0.013718814850275322,0.0,0.05095974180397486,0.06115169016476983,99.88788856803126,0.0
113,0.00020383896721589944,0.001592104623022691,0.0,0.0,0.006794632240529981,0.0033973161202649903,99.9898080516392
114,0.3010361814166808,1.266481226874936,0.0,53.008323424494655,2.0485816205197893,42.235434007134366,2.7076609478511973
115,0.28717513164599967,1.0017475274481908,47.48089009682351,0.020383896721589943,0.006794632240529981,52.491931374214374,0.0
116,0.28710718532359436,1.0017864351100807,47.48089009682351,0.0,52.491931374214374,0.016986580601324953,0.010191948360794971
117,0.05952097842704264,0.3385346477528459,0.0033973161202649903,93.7591302870732,0.006794632240529981,6.227280448445728,0.0033973161202649903
118,0.2954306098182436,1.0615032653758463,0.0033973161202649903,47.4435196195006,0.8085612366230679,0.020383896721589943,51.724137931034484
119,0.002242228639374894,0.017276569746083627,0.0033973161202649903,0.04756242568370987,0.08833021912688976,0.0033973161202649903,99.85731272294886
120,0.006658739595719381,0.034802143025458566,0.0033973161202649903,99.65007643961272,0.010191948360794971,0.3329369797859691,0.0033973161202649903
121,0.00033973161202649905,0.002494957959720222,0.0033973161202649903,99.98301341939867,0.0,0.013589264481059961,0.0
122,0.2945473076269747,1.2275908672383398,0.0033973161202649903,52.51231527093596,42.55138440631901,0.0033973161202649903,4.929505690504501
123,0.3093935790725327,1.0028624130148898,0.0033973161202649903,0.010191948360794971,49.69933752335655,0.006794632240529981,50.28027857992187
124,0.2869033463563785,0.9996557063405446,0.0033973161202649903,0.0,0.006794632240529981,52.51571258705623,47.47409546458298
125,0.27280448445727873,0.9998341689962651,0.0033973161202649903,43.8525564803805,0.023781212841854936,56.05571598437235,0.06454900628503482
126,0.007677934431798879,0.03953335071150089,0.0033973161202649903,99.602514013929,0.030575845082384916,0.360115508748089,0.0033973161202649903
127,0.28697129267878374,1.0010644444440049,0.0033973161202649903,52.502123322575166,0.006794632240529981,0.010191948360794971,47.477492780703244
128,0.26668931544080177,1.0171223152927724,0.0033973161202649903,42.89111601834551,0.20044165109563447,0.11550874808900968,56.789536266349586
129,0.031017496178019365,0.1502097523810428,0.0033973161202649903,1.0463733650416172,0.2853745541022592,98.26397146254459,0.40088330219126894
130,0.011754713776116867,0.2273810914479799,0.0033973161202649903,96.65704093765925,0.054357057924239845,0.2208255478172244,3.0643791404790215
131,0.2976728384576185,1.079067827494013,0.0033973161202649903,0.4722269407168337,52.34584678104297,0.5299813147613386,46.64854764735858
132,0.014812298284355358,0.0785144840490727,0.0033973161202649903,99.16086291829454,0.0033973161202649903,0.3125530830643791,0.5197893664005436
133,0.0008833021912688976,0.005731935736900302,0.0033973161202649903,0.040767793443179885,0.0,99.95583489043656,0.0
134,0.00033973161202649905,0.002698796926936122,0.0033973161202649903,0.0033973161202649903,99.98301341939867,0.006794632240529981,0.0033973161202649903
135,0.296653643621539,1.2377242504576513,0.0033973161202649903,42.2897910650586,4.953286903346356,52.651605231866824,0.10191948360794972
136,0.2868354000339732,0.9996408359326912,0.0033973161202649903,52.52590453541702,0.0,47.46390351622218,0.006794632240529981
137,0.0019704433497536944,0.013405601332401693,0.0033973161202649903,99.88788856803126,0.0033973161202649903,0.09852216748768472,0.006794632240529981
138,0.297333106845592,1.0695412412417225,0.0,52.0332936979786,0.8527263461865127,0.08493290300662477,47.02904705282827
139,0.00020383896721589944,0.0015921046230226907,0.0,99.9898080516392,0.0,0.006794632240529981,0.0033973161202649903
140,0.0,0.0,0.0,0.0,0.0,0.0,100.0
141,0.005571598437234585,0.030679695984926248,0.0,99.71802276201801,0.033973161202649906,0.2208255478172244,0.027178528962119922
142,0.2951588245286224,1.0405959424025975,0.0,52.933582469848815,0.4552403601155087,46.55682011211143,0.054357057924239845
143,6.794632240529981e-05,0.00055335198034168,0.0,0.0,99.99660268387973,0.0,0.0033973161202649903
144,0.2954985561406489,1.045277953929681,0.0,47.48768472906404,0.15287922541192459,0.37370477322914897,51.985731272294885
145,0.28914557499575333,1.0161233978378355,0.0,52.99473416001359,0.11890606420927466,0.06115169016476983,46.82520808561237
146,0.28673348055036524,0.9981632343541069,0.0,0.0,47.477492780703244,0.0,52.522507219296756
147,0.240563954475964,1.1233718614642068,0.0,66.9678953626635,4.970273483947682,28.000679463224053,0.06115169016476983
148,0.29036860879904874,1.0008202146256,0.0,51.94156616273145,0.0033973161202649903,48.0448445727875,0.010191948360794971
149,0.01854934601664685,0.08338080454091842,0.0,98.98759979616104,0.0033973161202649903,0.9886189909971123,0.020383896721589943
150,0.29376592491931375,1.1473214417952302,0.0,45.52743332767114,51.989128588415156,2.3509427552233735,0.13249532869033465
151,0.2883641922880924,1.003274408525502,0.0,47.851197553932394,0.0033973161202649903,52.11143196874469,0.033973161202649906
152,0.009852216748768473,0.05400912057248248,0.0,99.39527773059284,0.0,0.5945303210463734,0.010191948360794971
153,0.29451333446577205,1.1110065284102888,0.0,0.5809410565653134,0.9240699847120775,47.32121623917106,51.17377271955156
154,0.29111601834550704,1.0344414168244933,0.0033973161202649903,47.54543910310854,0.0033973161202649903,0.41786988279259385,52.02989638185833
155,0.22449464922711057,0.9474976259908474,0.0033973161202649903,63.533208765075585,0.0033973161202649903,36.45999660268388,0.0
156,0.29553252930185153,1.093909983657006,0.0033973161202649903,51.91778494988959,46.78444029216919,0.2208255478172244,1.073551894003737
157,0.2894513334465772,1.0008202146256,0.0,51.94156616273145,0.0033973161202649903,48.0448445727875,0.010191948360794971
158,0.0008153558688635977,0.00570070551090214,0.0,0.013589264481059961,99.95923220655682,0.0033973161202649903,0.023781212841854936
159,0.29896381858331916,1.2545955408932474,0.0,42.34754543910311,52.38321725836589,4.953286903346356,0.3159503991846441
160,0.28697129267878374,1.0035161379496618,0.0,47.429930355019536,0.006794632240529981,52.52590453541702,0.0373704773229149
161,0.2869373195175811,1.0009708522067986,0.0,52.502123322575166,0.010191948360794971,0.010191948360794971,47.477492780703244
162,0.027076609478511975,0.13123020020610052,0.0,98.44063190079837,0.5979276371666384,0.9580431459147274,0.0033973161202649903
163,0.0004756242568370987,0.0034790127042861226,0.0,0.016986580601324953,0.0033973161202649903,99.97621878715815,0.0033973161202649903
164,6.794632240529981e-05,0.00055335198034168,0.0,0.0,99.99660268387973,0.0,0.0033973161202649903
165,0.3039918464413114,1.3633753073896533,0.0,42.69407168337014,49.081025989468316,7.395957193816885,0.8289451333446577
166,0.006590793273314082,0.03851592044983776,0.0,99.59232206556821,0.0033973161202649903,0.40428061831153395,0.0
167,0.0067946322405299815,0.0396080481918605,0.0,0.0033973161202649903,0.4110752505520639,0.0033973161202649903,99.5821301172074
168,0.298012570069645,1.0711049601652323,0.0,47.24307796840496,51.77849498895873,0.054357057924239845,0.9240699847120775
169,0.2868354000339732,0.9995621141033384,0.0,52.51571258705623,0.010191948360794971,0.0,47.47409546458298
170,0.00033973161202649905,0.002494957959720222,0.0,99.98301341939867,0.0,0.013589264481059961,0.0033973161202649903
171,0.2883302191268898,1.0001084397736704,0.0,0.016986580601324953,52.99813147613386,0.0033973161202649903,46.98148462714455
172,0.2870052658399864,0.9977658131070684,0.0,0.0033973161202649903,46.91014098861899,53.086461695260745,0.0
173,0.00040767793443179887,0.0030906020211998626,0.0,0.006794632240529981,0.010191948360794971,0.0033973161202649903,99.97961610327842
174,0.022795991166978086,0.11704644667041192,0.0,0.3940886699507389,98.6614574486156,0.05095974180397486,0.8934941396296926
175,0.291217937829115,1.039341753278051,0.0,52.651605231866824,0.006794632240529981,46.835400033973166,0.5062001019194836
176,0.29315440801766607,1.0426522327175423,0.0,0.5741464243247835,46.71649396976389,0.0,52.70935960591133
177,0.08585017835909631,0.44963969266632425,0.0,0.5843383726855783,91.77170035671818,0.12230338032953966,7.521657890266689
178,0.2890776286733481,0.9978057093400716,0.0,46.6859181246815,0.0,53.30728724307797,0.006794632240529981
179,0.00020383896721589944,0.0014985123858165259,0.0,99.9898080516392,0.0,0.010191948360794971,0.0
180,0.3244436894853066,1.5488383369748908,0.0,1.392899609308646,18.52216748768473,51.15338882282996,28.931544080176657
181,0.19164260234414812,0.8138461453833281,0.0,1.6782741634109053,18.688635977577714,0.006794632240529981,79.62629522677085
182,0.0067946322405299815,0.039307181313710866,0.0,0.0,99.57873280108714,0.0,0.42126719891285885
183,0.2879904875148633,1.1746440352285983,0.0,3.1493120434856463,42.39850518090708,54.29930355019535,0.15287922541192459
184,0.2899269577034143,1.0215686336986196,0.0,0.09172753524715474,0.13928996093086463,52.46135552913198,47.307626974689995
185,0.00013589264481059961,0.0011067022955030953,0.0,0.0033973161202649903,99.99320536775947,0.0,0.0033973161202649903
186,0.2819432648207916,1.4348841267691,0.0,26.084593171394598,56.103278410056056,17.57771360625106,0.23441481229828434
187,0.2878885680312553,0.9991971548516421,0.0,0.0033973161202649903,0.0,47.85799218617292,52.138610497706814
188,0.0004756242568370987,0.0032058058423881635,0.0,99.97621878715815,0.0,0.023781212841854936,0.0
189,0.26811618821131306,0.9942961309603154,0.0,43.99184644131137,0.006794632240529981,55.97078308136572,0.030575845082384916
190,0.2846611177170036,1.0312105391457882,0.0,54.69339222014609,0.040767793443179885,44.868354000339735,0.3974859860710039
191,0.11289281467640563,0.6160323258820033,0.0,85.4730762697469,0.17326312213351452,14.306098182435875,0.04756242568370987
192,0.2786478681841345,1.0810716959384299,0.0,0.47562425683709864,48.163750636996774,0.5367759470018685,50.82384915916426
193,0.29461525394938,1.0245393952071071,0.0,47.9768982503822,51.764905724477664,0.0747409546458298,0.18345507049430948
194,0.29413962969254287,1.215629312115607,0.0,42.66009852216749,0.12909801257006964,4.239850518090709,52.97095294717173
195,0.3110242908102599,1.3257617504298682,0.0,1.9194836079497197,4.447086801426873,41.53218957023951,52.1012400203839
196,0.29627993884830983,1.0505912520440446,0.0,0.6488873789706132,51.71394598267369,0.013589264481059961,47.62357737387464
197,0.2882962459656871,1.0010866489990888,0.0,47.88517071513505,0.010191948360794971,0.006794632240529981,52.09784270426363
198,0.3013759130287073,1.2519239267424285,0.0,52.04348564633939,42.33055885850178,0.033973161202649906,5.5919823339561745
199,0.011550874808900968,0.0572395481030473,0.0,99.36130456939019,0.006794632240529981,0.6183115338882282,0.013589264481059961
200,0.30874808900968237,1.452357260783267,0.0,47.47409546458298,37.73738746390352,0.0373704773229149,14.75114659419059
201,0.3009342619330729,1.2347184254047665,0.0,51.89400373704773,4.766434516731781,0.11550874808900968,43.22405299813148
202,0.011618821131306268,0.0679031535791406,0.0,0.30575845082384917,0.0033973161202649903,99.29335824698488,0.3974859860710039
203,0.01063359945642942,0.06036861235685609,0.0,0.20723628333616442,0.010191948360794971,99.38508578223204,0.3974859860710039
204,0.31058263971462546,1.503474194108393,0.0,21.56616273144216,52.175980975029724,25.856972991336846,0.40088330219126894
205,0.2868693731951758,1.0033828907225204,0.0,51.04127739086122,0.0,48.92814676405639,0.030575845082384916
206,0.02626125360964838,0.35388337295062683,0.0,93.46696110073043,0.054357057924239845,6.468489892984543,0.010191948360794971
207,0.016171224732461357,0.0801709818417562,0.0,99.01817564124342,0.0,0.9750297265160524,0.006794632240529981
208,0.2943434686597588,1.0482264801133223,0.0,52.502123322575166,0.6352981144895533,0.010191948360794971,46.852386614574485
209,0.0,0.0,0.0,0.0,100.0,0.0,0.0
210,0.020248004076779343,0.10347588813019419,0.0,98.81773399014779,0.030575845082384916,0.2547987090198743,0.8968914557499575
211,0.00013589264481059961,0.0010387559730977952,0.0,0.006794632240529981,99.99320536775947,0.0,0.0
212,6.794632240529981e-05,0.00055335198034168,0.0,0.0,0.0,99.99660268387973,0.0033973161202649903
213,0.044402921691863426,0.2776755624019911,0.0,0.0,4.7834210973331075,0.0033973161202649903,95.21318158654663
214,0.306743672498726,1.2559490282677812,0.0,46.89655172413793,0.5843383726855783,48.286054017326315,4.233055885850178
215,0.04633939188041447,0.32316874460295425,0.0,94.99915067096994,4.277220995413623,0.27178528962119924,0.4518430439952438
216,0.29668761678274164,1.0515336386512057,0.0,47.46730083234245,0.5028027857992186,0.12230338032953966,51.907593001528795
217,0.28778664854764735,1.0077300264262827,47.48089009682351,52.437574316290124,0.0,0.05095974180397486,0.030575845082384916
218,0.2920332936979786,1.0418290232451821,47.48089009682351,0.5163920502802786,0.013589264481059961,51.989128588415156,0.0
219,0.29627993884830983,1.0687773883287857,47.48089009682351,0.42126719891285885,51.70035671819263,0.030575845082384916,0.36691014098861896
220,0.29077628673348055,1.0342422831676843,47.48089009682351,0.010191948360794971,0.0,0.4110752505520639,52.09784270426363
221,0.2907423135722779,1.0333610271180529,47.48089009682351,0.0033973161202649903,0.0,0.4110752505520639,52.10463733650417
222,0.29594020723628334,1.077901072978753,47.48089009682351,0.0373704773229149,51.571258705622554,0.40088330219126894,0.5095974180397486
223,0.29573636826906746,1.0716832027518357,47.48089009682351,0.42126719891285885,0.46203499235603873,0.0,51.63580771190759
224,0.2869373195175811,1.0009757794609568,47.48089009682351,52.4987260064549,0.010191948360794971,0.010191948360794971,0.0
225,0.2957703414302701,1.207349286459424,47.48089009682351,0.4110752505520639,48.900968235094275,0.006794632240529981,3.200271785289621
226,0.2910140988618991,1.0354263222067597,47.48089009682351,0.4484457278749788,0.0,0.0,52.07066417530151
227,0.29383387124171906,1.109831944003144,47.48089009682351,50.82384915916426,0.05775437404450484,1.6375063699677255,0.0
228,0.29675556310514695,1.2076005169608794,47.48089009682351,3.4380839137081702,0.2853745541022592,48.78885680312553,0.006794632240529981
229,0.30127399354509937,1.0692123602348576,47.48089009682351,51.54408017666044,0.0,0.9614404620349924,0.013589264481059961
230,0.2908102598946832,1.0338144796982385,47.48089009682351,0.006794632240529981,52.1012400203839,0.0,0.4110752505520639
231,0.2988618990997112,1.0848788492801393,47.48089009682351,0.4246645150331238,0.6522846950908782,0.0033973161202649903,51.43876337693223
232,0.040258196025140136,0.23952897173229026,0.0,0.1800577543740445,2.792593850857822,0.39069135383047393,96.63665704093766
233,0.0008833021912688976,0.00583269341325986,0.0,0.006794632240529981,99.95583489043656,0.0,0.0373704773229149
234,0.29478511975539323,1.061500443525612,0.0,47.00186852386615,52.24392729743502,0.49261083743842365,0.2615933412604043
235,0.28109393579072534,0.9957898405520262,0.0,45.76184813996942,0.0,54.23135722779004,0.006794632240529981
236,0.25996262952267707,0.9835771506190502,0.0,57.948021063359946,0.010191948360794971,42.03838967215899,0.0033973161202649903
237,0.2938678444029217,1.0560541117166389,0.0,46.730083234244944,52.573466961100735,0.16986580601324955,0.5265839986410735
238,0.00720231017496178,0.04209911053497556,0.0,0.0,0.020383896721589943,99.55834890436556,0.42126719891285885
239,0.007881773399014778,0.045310121291916944,0.0,0.033973161202649906,0.4416510956344488,99.52437574316289,0.0
240,0.26662136911839646,1.0198473094917262,0.0,57.251571258705624,0.020383896721589943,42.33055885850178,0.3974859860710039
241,0.07158145065398336,0.40538288831905156,0.0,7.8376082894513335,0.0713436385255648,92.08765075590284,0.0033973161202649903
242,0.3143876337693222,1.2264833215027091,0.0,48.41854934601665,47.25326991676575,4.103957873280108,0.2242228639374894
243,0.13426193307287243,0.5356986864046087,0.0,88.97910650586037,0.5028027857992186,10.453541702055375,0.06454900628503482
244,0.29627993884830983,1.0696875005336095,0.0,52.7603193477153,0.18345507049430948,46.32240529981315,0.7338202819772379
245,0.014744351961950059,0.0819850236944212,0.0,99.14727365381349,0.5333786308816035,0.20723628333616442,0.1121114319687447
246,0.2720910480720231,1.0234855273501011,0.0,0.4280618311533888,43.33956174622048,0.0,56.23237642262613
247,6.794632240529981e-05,0.00055335198034168,0.0,0.0,99.99660268387973,0.0,0.0033973161202649903
248,0.04396127059622898,0.2961969760605372,0.0,4.953286903346356,0.054357057924239845,94.95158824528622,0.040767793443179885
249,0.027959911669780874,0.14227882086077173,0.0,0.5639544759639885,1.0939357907253269,0.040767793443179885,98.3013419398675
250,0.016205197893664005,0.08902704134856924,0.0,99.02836758960422,0.5435705792423985,0.42126719891285885,0.006794632240529981
251,0.29682350942755226,1.2469771621053296,0.0,4.477662646509257,42.97265160523187,0.41447256667232885,52.13521318158655
252,0.29301851537285545,1.0256811256101375,0.0,52.11143196874469,47.61338542551384,0.09172753524715474,0.18345507049430948
253,0.2882282996432818,1.0031587600161653,0.0,0.040767793443179885,47.61678274163411,0.0,52.342449464922716
254,0.2946832002717853,1.0568279130526028,0.0,0.7847800237812128,52.50891795481569,46.69950738916256,0.006794632240529981
255,0.2925089179548157,1.0351871781342954,0.0,51.05486665534228,0.016986580601324953,48.53066077798539,0.3974859860710039
256,0.29111601834550704,1.0329936878105157,0.0,52.16578902666893,0.0,47.41973840665874,0.41447256667232885
257,0.014846271445558008,0.08419242068746104,0.0,0.5265839986410735,99.12009512485137,0.09172753524715474,0.2615933412604043
258,0.024902327161542382,0.12334594654908856,0.0,98.525564803805,0.36691014098861896,1.100730422965857,0.006794632240529981
259,0.2874808900968235,1.0039530754123343,0.0,47.39935450993715,0.013589264481059961,52.55308306437914,0.033973161202649906
260,0.0535077288941736,0.37633893837621146,0.0,94.51333446577203,3.241039578732801,0.4416510956344488,1.80397485986071
261,0.00727025649736708,0.04334014631413104,0.0,0.010191948360794971,99.55495158824529,0.4076779344317989,0.027178528962119922
262,0.006658739595719381,0.03932377764752735,0.0,0.41447256667232885,0.0033973161202649903,99.5821301172074,0.0
263,0.2626804824188891,0.9819457154743813,0.0,0.0,42.10633599456429,0.0,57.89366400543571
264,0.30405979276371664,1.078589097986327,0.0,47.79344317988789,51.14659419058943,0.11550874808900968,0.9444538814336674
265,0.29634788517071514,1.2410642944419656,0.0,42.85374554102259,0.1121114319687447,4.990657380669272,52.04348564633939
266,0.28731102429081024,0.998687716297357,0.0,0.006794632240529981,53.1102429081026,0.0033973161202649903,46.8795651435366
267,0.04824188890776287,0.32213894016472144,0.0,94.6526244267029,0.006794632240529981,4.943094954985561,0.3974859860710039
268,0.009104807202310175,0.052299217296268394,0.0,0.41786988279259385,99.46322405299813,0.0,0.11890606420927466
269,0.02204858162051979,0.1161716174672564,0.0,0.6556820112111432,98.6614574486156,0.0033973161202649903,0.6794632240529982
270,0.008866995073891626,0.0514489048300434,0.0,0.13249532869033465,0.39069135383047393,99.4768133174792,0.0
271,0.00013589264481059961,0.0011067022955030953,0.0,0.0033973161202649903,0.0,99.99320536775947,0.0033973161202649903
272,6.794632240529981e-05,0.00055335198034168,0.0,0.0033973161202649903,0.0,99.99660268387973,0.0
273,0.08768472906403942,0.3290932023046339,0.0,94.14642432478342,0.040767793443179885,5.765245456089689,0.04756242568370987
274,0.2906064209274673,1.0323686945799988,0.0,47.48428741294378,0.0,52.11143196874469,0.40428061831153395
275,0.00699847120774588,0.04129370902233627,0.0,99.56854085272636,0.0,0.020383896721589943,0.4110752505520639
276,0.27103788007474094,1.0193914281619445,0.0,0.3940886699507389,42.66689315440802,0.006794632240529981,56.93222354340072
277,6.794632240529981e-05,0.00055335198034168,0.0,0.0,0.0033973161202649903,0.0,99.99660268387973
278,0.00027178528962119923,0.0019416126404384274,0.0,0.0,0.013589264481059961,0.0,99.98641073551894
279,0.2966196704603363,1.0478032002419675,0.0,47.446916935620855,51.95175811109224,0.04416510956344488,0.5571598437234585
280,0.2919653473755733,1.0461029886428952,0.0,0.5537625276031936,0.0373704773229149,46.916935620859526,52.491931374214374
281,0.010191948360794971,0.055977236096865744,0.0,99.4088669950739,0.5231866825208086,0.030575845082384916,0.0373704773229149
282,0.06638355698997792,0.5319522000801329,0.0,5.649736708000679,3.516222184474265,90.820451843044,0.013589264481059961
283,6.794632240529981e-05,0.00055335198034168,0.0,0.0,99.99660268387973,0.0033973161202649903,0.0
284,0.0,0.0,0.0,0.0,0.0,100.0,0.0
285,0.041753015118056735,0.2758083629325352,0.0,0.0,95.2641413283506,0.006794632240529981,4.729064039408867
286,0.00033973161202649905,0.002494957959720222,0.0,0.013589264481059961,0.0033973161202649903,99.98301341939867,0.0
287,0.001834550704943095,0.011387525393026874,0.0,99.90487514863258,0.010191948360794971,0.08493290300662477,0.0
288,0.2695090878206217,1.049908323596402,0.0,0.5605571598437235,51.13640224222864,0.054357057924239845,48.2486835400034
289,0.29478511975539323,1.0331395568413468,0.0,47.32121623917106,0.0033973161202649903,52.26431119415662,0.4110752505520639
290,0.3055206386954306,1.1215887322056133,0.0,1.025989468320027,0.6658739595719382,51.50670969933753,46.80142687277051
291,0.29814846271445555,1.0850509422657044,0.0,1.2468150161372515,47.49447936130457,0.013589264481059961,51.24511635807711
292,0.29424154917615086,1.217758770032587,0.0,0.05775437404450484,52.50552063869544,4.453881433667402,42.982843553592666
293,0.04182096144046203,0.30111533665383505,0.0,4.627144555800918,95.0704943094955,0.027178528962119922,0.27518260574146425
294,0.25055206386954304,0.9851568126751202,0.0,0.09852216748768472,40.65228469509088,0.0,59.24919313742144
295,0.04002038389672159,0.28146594583338574,0.0,0.10871411584847969,4.511635807711908,0.030575845082384916,95.34907423135722
296,0.04511635807711908,0.29545680997703483,0.0,95.05690504501445,4.7834210973331075,0.11890606420927466,0.040767793443179885
297,0.28955325293018513,1.016870235128111,0.0,52.93018515372856,0.020383896721589943,0.17666043825377953,46.872770511296075
298,0.055206386954306096,0.37223825401994015,0.0,94.33667402751826,0.6352981144895533,0.713436385255648,4.314591472736538
299,0.2638355698997792,0.9978933653836066,0.0,56.9627993884831,0.09512485136741974,42.92508917954816,0.016986580601324953
300,0.2990997112281298,1.2417986522195439,0.0,4.7732291489723115,49.729913368438936,0.14608459317139458,45.350772889417364
301,0.04983862748428741,0.315015694676535,0.0,94.81569560047562,0.41447256667232885,4.769831832852047,0.0
302,0.06016646848989298,0.3720152798899686,0.0,94.06488873789705,0.40428061831153395,4.980465432308477,0.5503652114829285
303,0.05751656191608629,0.36879374980978524,0.0,4.793613045693902,0.4688296245965687,94.19058943434686,0.5469678953626634
304,0.19751995923220655,1.51043808814694,0.0,61.759809750297265,11.730932563275012,6.352981144895533,20.15627654153219
305,0.3025989468320027,1.1049550619421074,0.0,51.66978087311024,46.893154408017665,1.022592152199762,0.41447256667232885
306,0.30297265160523185,1.110361179688229,0.0,51.45235264141328,0.20383896721589945,1.4098861899099713,46.933922201460845
307,0.29138780363512823,1.0355903155653914,0.0,47.429930355019536,52.12841854934601,0.4314591472736538,0.010191948360794971
308,0.29070834041107524,1.0323641337397604,0.0,0.0,47.48089009682351,52.11482928486496,0.40428061831153395
309,0.006522846950908782,0.03846049563443858,0.0,0.0,0.006794632240529981,99.59571938168847,0.3974859860710039
310,0.000747409546458298,0.0047939740809714556,0.0,0.0373704773229149,0.0,99.96262952267708,0.0
311,0.28812638015967384,1.0098808455390569,0.0,52.50552063869544,47.38576524545609,0.013589264481059961,0.09512485136741974
312,0.009036860879904875,0.04841807285816143,0.0,0.010191948360794971,0.5197893664005436,0.0,99.47001868523866
313,0.020383896721589943,0.09999240579515724,0.0,0.13589264481059962,1.049770681161882,0.006794632240529981,98.80754204178699
314,0.00020383896721589944,0.0014985123858165259,0.0,0.0,99.9898080516392,0.0,0.010191948360794971
315,0.2902327161542382,1.0147166511470826,0.0,47.87837608289451,51.9653473755733,0.013589264481059961,0.1426872770511296
316,0.2907423135722779,1.0326228742901864,0.0,0.4110752505520639,52.26431119415662,0.0,47.324613555291315
317,0.2873449974520129,1.0013778918361558,0.0,47.49447936130457,52.48173942585358,0.016986580601324953,0.006794632240529981
318,0.04586376762357738,0.21873719281844592,0.0,0.006794632240529981,96.5177509767284,0.0,3.4754543910310853
319,0.30229318838117886,1.1093654057197535,0.0,1.3623237642262613,46.65534227959912,51.754713776116866,0.22762018005775436
320,0.2869033463563785,1.0039295330353855,0.0,0.05095974180397486,52.519109903176485,47.429930355019536,0.0
321,0.004824188890776287,0.029626868769524452,0.0,0.0033973161202649903,99.70443349753695,0.0033973161202649903,0.2887718702225242
322,0.04304399524375743,0.2900740043160154,0.0,4.545608968914557,0.19364701885510446,95.23696279938848,0.023781212841854936
323,0.28676745371156787,0.9986899678861687,0.0,52.51571258705623,0.0033973161202649903,47.48089009682351,0.0
324,0.008085612366230678,0.04484446204088208,0.0,99.51418379480211,0.006794632240529981,0.4790215729573637,0.0
325,0.29261083743842364,1.0865587586797814,0.0,51.13979955834891,0.0,1.3079667063020213,47.55223373534908
