Position,Mutability,Shannon_entropy,Gap_percentage,A_percentage,T_percentage,G_percentage,C_percentage
1,0.2583741726873137,0.9635928475307834,38.48835446875158,61.49648865760623,0.010104582428131158,0.005052291214065579,0.0
2,0.3357247511746577,1.1885815516137017,32.051735462032035,5.577729500328399,62.32506441671298,0.0,0.04547062092659021
3,0.4333350174304047,1.5699702661288404,31.829434648613148,0.020209164856262316,40.46885262466529,0.005052291214065579,27.676451270651242
4,0.27570353155155863,0.9076228273001032,30.803819532157835,0.060627494568786945,0.060627494568786945,0.020209164856262316,69.05471631384833
5,0.30384479361390393,1.3405298251125117,30.525943515384224,57.83862981862274,0.0,11.635426665993027,0.0
6,0.30131864800687114,1.0637985651155564,27.600666902440256,68.62527156065276,0.0,3.774061536906987,0.0
7,0.25736371444450057,0.8457706254224241,26.665993027838127,73.2582226039509,0.005052291214065579,0.06567978578285252,0.005052291214065579
8,0.0,0.0,0.0,100.0,0.0,0.0,0.0
9,0.0,0.0,0.0,0.0,100.0,0.0,0.0
10,0.0,0.0,0.0,0.0,0.0,100.0,0.0
11,0.0003031374728439347,0.0021417156383899166,0.0,0.015156873642196736,0.0,99.9848431263578,0.0
12,0.0006062749456878694,0.004177306809950647,0.0,99.9696862527156,0.005052291214065579,0.025261456070327898,0.0
13,0.0032334663770019704,0.017789289571951757,0.0,99.83327438993584,0.0,0.16672561006416411,0.0
14,0.0014146415399383622,0.008422445021236017,0.0,0.07073207699691811,0.0,99.92926792300308,0.0
15,0.0028292830798767243,0.015906351743579666,0.0,99.8534835547921,0.0,0.14651644520790177,0.0
16,0.2685292780275855,0.986859021860875,0.0,0.07578436821098368,58.535846006163794,0.0,41.388369625625224
17,0.00020209164856262315,0.0014869221265347348,0.0,0.0,99.98989541757187,0.0,0.010104582428131158
18,0.0,0.0,0.0,0.0,100.0,0.0,0.0
19,0.002627191431314101,0.015284886996422607,0.0,0.005052291214065579,99.86864042843429,0.010104582428131158,0.1162026979235083
20,0.0008083665942504926,0.0054671385824938525,0.0,0.030313747284393473,0.010104582428131158,99.95958167028748,0.0
21,0.00020209164856262315,0.0014869221265347348,0.0,0.010104582428131158,99.98989541757187,0.0,0.0
22,0.02758551002879806,0.17882496356809613,0.0,2.020916485626232,0.3738695498408528,97.60016167331885,0.005052291214065579
23,0.0044460162683777095,0.02428212636887533,0.0,0.22230081341888547,0.0,0.010104582428131158,99.76759460415299
24,0.00010104582428131157,0.0007939858167873178,0.0,0.005052291214065579,0.0,99.99494770878593,0.0
25,0.015561056939321983,0.07352613952691206,0.0,99.13100591118072,0.005052291214065579,0.8487849239630172,0.015156873642196736
26,0.00010104582428131157,0.0007939858167873178,0.0,0.005052291214065579,0.0,0.0,99.99494770878593
27,0.0009094124185318042,0.0064983078403465,0.0,99.94947708785934,0.005052291214065579,0.04547062092659021,0.0
28,0.009902490779568535,0.05151096174747436,0.0,99.41898651038245,0.0,0.5810134896175416,0.0
29,0.013843277926539686,0.06391790058255215,0.0,0.7527913908957713,99.24720860910423,0.0,0.0
30,0.001212549891375739,0.007354113753025631,0.0,0.060627494568786945,0.0,99.93937250543121,0.0
31,0.0095993533067246,0.04852352621616582,0.0,0.0,0.5304905774768858,0.005052291214065579,99.46445713130905
32,0.0,0.0,0.0,0.0,100.0,0.0,0.0
33,0.0,0.0,0.0,0.0,100.0,0.0,0.0
34,0.0018188248370636084,0.010498999507572349,0.0,0.0,0.09094124185318042,0.0,99.90905875814681
35,0.0,0.0,0.0,100.0,0.0,0.0,0.0
36,0.0003031374728439347,0.002280900577619112,0.0,99.9848431263578,0.0,0.010104582428131158,0.005052291214065579
37,0.29121406557873997,0.9997546807432137,0.0,0.0,50.92204314656696,0.0,49.07795685343303
38,0.00010104582428131157,0.0007939858167873178,0.0,0.0,0.005052291214065579,0.0,99.99494770878593
39,0.0,0.0,0.0,0.0,0.0,0.0,100.0
40,0.27383418380235436,0.9916048729353562,0.0,41.87844187338958,0.08588895063911484,58.025564593543166,0.010104582428131158
41,0.00020209164856262315,0.0015879679508160464,0.0,99.98989541757187,0.005052291214065579,0.005052291214065579,0.0
42,0.0,0.0,0.0,0.0,100.0,0.0,0.0
43,0.0016167331885009852,0.010263791526654258,0.0,0.08083665942504926,0.005052291214065579,99.91411104936088,0.0
44,0.026474005961703632,0.10655206812048844,0.0,98.59546304248977,0.0,1.4045369575102309,0.0
45,0.0003031374728439347,0.0021417156383899166,0.0,0.0,99.9848431263578,0.0,0.015156873642196736
46,0.26686202192694386,0.9932505577957627,0.0,0.15156873642196736,58.55100287980599,0.0,41.297428383772036
47,0.03081897640580003,0.13949010994230826,0.0,1.9653412822715104,0.0,98.03465871772849,0.0
48,0.0008083665942504926,0.005139233515264374,0.0,0.0,99.95958167028748,0.0,0.04041832971252463
49,0.01212549891375739,0.06295492779881533,0.0,0.050522912140655796,0.6517455666144596,0.0,99.29773152124488
50,0.00010104582428131157,0.0007939858167873178,0.0,0.005052291214065579,0.0,99.99494770878593,0.0
51,0.0,0.0,0.0,100.0,0.0,0.0,0.0
52,0.29535694437427373,0.9992870069926001,0.0,53.63512352852018,0.025261456070327898,46.339615015409485,0.0
53,0.0005052291214065579,0.0033833394088164876,0.0,0.025261456070327898,0.0,0.0,99.97473854392967
54,0.0,0.0,0.0,0.0,100.0,0.0,0.0
55,0.001212549891375739,0.00794818363024555,0.0,0.025261456070327898,99.93937250543121,0.0,0.035366038498459054
56,0.0004041832971252463,0.002935690406343681,0.0,0.015156873642196736,0.005052291214065579,99.97979083514373,0.0
57,0.0,0.0,0.0,0.0,0.0,0.0,100.0
58,0.2889910574445511,0.995884822002746,0.0,55.45900065679786,0.020209164856262316,44.505633304703686,0.015156873642196736
59,0.0006062749456878694,0.00398026065576027,0.0,0.030313747284393473,0.0,99.9696862527156,0.0
60,0.0005052291214065579,0.0033833394088164876,0.0,99.97473854392967,0.0,0.025261456070327898,0.0
61,0.0029303289041580356,0.024123551093507004,0.0,99.76254231293892,0.0,0.2374576870610822,0.0
62,0.0,0.0,0.0,100.0,0.0,0.0,0.0
63,0.0009094124185318042,0.00626135760865384,0.0,99.94947708785934,0.0,0.050522912140655796,0.0
64,0.289597332390239,0.9952634285710111,0.0,54.04941140807357,0.0,45.95058859192644,0.0
65,0.020714393977668874,0.09060263082369127,0.0,1.0710857373819027,0.04041832971252463,98.88849593290557,0.0
66,0.0006062749456878694,0.004177306809950647,0.0,0.005052291214065579,0.025261456070327898,0.0,99.9696862527156
67,0.0028292830798767243,0.017441402623673642,0.010104582428131158,99.84843126357804,0.010104582428131158,0.13135957156570505,0.0
68,0.0003031374728439347,0.002280900577619112,0.010104582428131158,99.9848431263578,0.0,0.0,0.005052291214065579
69,0.00020209164856262315,0.0014869221265347348,0.010104582428131158,0.0,99.98989541757187,0.0,0.0
70,0.0,0.0,0.0,0.0,0.0,100.0,0.0
71,0.0,0.0,0.0,100.0,0.0,0.0,0.0
72,0.0014146415399383622,0.008422445021236017,0.0,99.92926792300308,0.0,0.07073207699691811,0.0
73,0.023038447936139038,0.10717128740907218,0.0,98.58535846006163,0.0,1.414641539938362,0.0
74,0.00010104582428131157,0.0007939858167873178,0.0,0.005052291214065579,0.0,99.99494770878593,0.0
75,0.00020209164856262315,0.0014869221265347348,0.0,99.98989541757187,0.0,0.010104582428131158,0.0
76,0.2726721568231193,0.982197628838537,0.0,42.16137018137726,0.0,57.83862981862274,0.0
77,0.0014146415399383622,0.008948588122904456,0.0,0.0,99.92421563178901,0.0,0.07578436821098368
78,0.00020209164856262315,0.0015879679508160464,0.0,99.98989541757187,0.005052291214065579,0.005052291214065579,0.0
79,0.0034355580255645934,0.018254313731888055,0.0,0.0,99.82822209872178,0.0,0.17177790127822967
80,0.00010104582428131157,0.0007939858167873178,0.0,0.005052291214065579,0.0,99.99494770878593,0.0
81,0.00010104582428131157,0.0007939858167873178,0.0,0.005052291214065579,0.0,99.99494770878593,0.0
82,0.0654776941342899,0.5675567663769681,0.0,13.343101096347192,0.005052291214065579,86.65184661243875,0.0
83,0.00010104582428131157,0.0007939858167873178,0.0,0.005052291214065579,0.0,99.99494770878593,0.0
84,0.0003031374728439347,0.0021417156383899166,0.0,99.9848431263578,0.0,0.015156873642196736,0.0
85,0.2705501945132117,0.9809789075341471,0.0,41.898651038245845,0.0,58.10134896175415,0.0
86,0.012529682210882635,0.16683489047745131,0.0,2.4655181124640024,0.0,97.53448188753599,0.0
87,0.0017177790127822967,0.010263791526654256,0.0,99.91411104936088,0.005052291214065579,0.08083665942504926,0.0
88,0.1884504622846461,0.7305225334376259,0.0,0.10104582428131159,80.02829283079876,0.0,19.87066134491992
89,0.006871116051129187,0.04053228811101258,0.0,0.025261456070327898,0.3940787146971152,0.0,99.58065982923256
90,0.26746829687263174,0.9824487418796514,0.005052291214065579,0.015156873642196736,58.353963522457434,0.0,41.625827312686305
91,0.20941747082301823,0.905199960601941,0.005052291214065579,2.566563936745314,0.07073207699691811,76.80998332743899,20.54766836760471
92,0.00010104582428131157,0.0007939858167873178,0.005052291214065579,99.99494770878593,0.0,0.0,0.0
93,0.001212549891375739,0.008086202117380356,0.005052291214065579,99.93937250543121,0.005052291214065579,0.04547062092659021,0.005052291214065579
94,0.0018188248370636084,0.011801280697128418,0.005052291214065579,99.89895417571869,0.0,0.09599353306724599,0.0
95,0.004547062092659021,0.023937233190754956,0.005052291214065579,99.77264689536705,0.0,0.21724852220481988,0.005052291214065579
96,0.004749153741221644,0.027462818337581664,0.005052291214065579,0.030313747284393473,99.75243773051079,0.015156873642196736,0.1970393573485576
97,0.2813115747991714,0.997127527372023,0.0,0.13641186277977063,57.46476026878189,0.0,42.39882786843834
98,0.00020209164856262315,0.0014869221265347348,0.0,0.010104582428131158,0.0,99.98989541757187,0.0
99,0.0003031374728439347,0.002280900577619112,0.0,99.9848431263578,0.010104582428131158,0.005052291214065579,0.0
100,0.008184711766786238,0.040347115273583804,0.0,99.57055524680443,0.0,0.4243924619815086,0.005052291214065579
101,0.00010104582428131157,0.0007939858167873178,0.0,99.99494770878593,0.0,0.0,0.005052291214065579
102,0.0020209164856262317,0.01240531925890605,0.0,0.015156873642196736,0.08083665942504926,0.005052291214065579,99.89895417571869
103,0.25463547718890517,1.521090851478618,0.005052291214065579,16.526044561208508,45.45546405294802,0.5860657808316071,37.42737331379781
104,0.0004041832971252463,0.002771737872728942,0.020209164856262316,99.97979083514373,0.0,0.0,0.0
105,0.0004041832971252463,0.002771737872728942,0.020209164856262316,99.97979083514373,0.0,0.0,0.0
106,0.2518567170211691,0.8316913959253226,0.015156873642196736,0.0,26.19107765371596,0.0,73.79376547264185
107,0.00010104582428131157,0.0007939858167873178,0.005052291214065579,99.99494770878593,0.0,0.0,0.0
108,0.0004041832971252463,0.002935690406343681,0.005052291214065579,99.97979083514373,0.0,0.015156873642196736,0.0
109,0.26519476582630225,0.965483466567635,0.005052291214065579,61.00641640984187,0.0,38.988531298944075,0.0
110,0.0017177790127822967,0.010703190864359183,0.005052291214065579,0.010104582428131158,99.91411104936088,0.0,0.07073207699691811
111,0.00020209164856262315,0.0015879679508160464,0.005052291214065579,0.005052291214065579,99.98989541757187,0.0,0.0
112,0.018693477492042643,0.087219168897587,0.005052291214065579,0.010104582428131158,98.9289142626181,0.005052291214065579,1.0508765725256404
113,0.00010104582428131157,0.0007939858167873178,0.005052291214065579,0.0,0.0,99.99494770878593,0.0
114,0.0003031374728439347,0.002280900577619112,0.005052291214065579,0.0,0.010104582428131158,0.0,99.9848431263578
115,0.27782549386146616,1.067663834848918,0.005052291214065579,58.10134896175415,40.766937806295154,0.49512453897842673,0.6315364017581974
116,0.007376345172535745,0.046158849120262774,0.005052291214065579,0.010104582428131158,0.47996766533623003,99.50487546102157,0.0
117,0.00010104582428131157,0.0007939858167873178,0.005052291214065579,0.0,0.0,0.0,99.99494770878593
118,0.0020209164856262317,0.012544504198135244,0.005052291214065579,99.89895417571869,0.005052291214065579,0.08083665942504926,0.010104582428131158
119,0.0018188248370636084,0.011863365809848475,0.005052291214065579,99.90905875814681,0.020209164856262316,0.05557520335472137,0.010104582428131158
120,0.0003031374728439347,0.002280900577619112,0.005052291214065579,0.0,99.9848431263578,0.0,0.010104582428131158
121,0.19587733036932248,0.7422639238697298,0.005052291214065579,79.40180872025464,20.517354620320315,0.020209164856262316,0.05557520335472137
122,0.00010104582428131157,0.0007939858167873178,0.005052291214065579,0.0,99.99494770878593,0.0,0.0
123,0.00010104582428131157,0.0007939858167873178,0.005052291214065579,0.0,0.0,99.99494770878593,0.0
124,0.007174253523973122,0.03632344867062302,0.005052291214065579,0.0,0.3738695498408528,0.0,99.62107815894508
125,0.00010104582428131157,0.0007939858167873178,0.005052291214065579,99.99494770878593,0.0,0.0,0.0
126,0.0003031374728439347,0.0023819464019004233,0.005052291214065579,0.005052291214065579,0.005052291214065579,0.0,99.9848431263578
127,0.3098064972465013,1.2801927465027645,0.005052291214065579,41.5096246147628,52.09417470823018,0.13135957156570505,6.259788814227251
128,0.00020209164856262315,0.0015879679508160464,0.005052291214065579,0.0,0.005052291214065579,0.0,99.98989541757187
129,0.00020209164856262315,0.0015879679508160464,0.005052291214065579,99.98989541757187,0.0,0.005052291214065579,0.0
130,0.2519577628454504,0.9930178001010139,0.005052291214065579,0.010104582428131158,44.379326024352046,0.0,55.60551710200576
131,0.010508765725256403,0.1094490722995426,0.005052291214065579,0.010104582428131158,98.57020158641944,0.0,1.414641539938362
132,0.00010104582428131157,0.0007939858167873178,0.005052291214065579,0.0,99.99494770878593,0.0,0.0
133,0.018693477492042643,0.08741818415174937,0.005052291214065579,1.0660334461678371,0.010104582428131158,98.91880968018997,0.0
134,0.00010104582428131157,0.0007939858167873178,0.005052291214065579,0.0,0.0,99.99494770878593,0.0
135,0.00010104582428131157,0.0007939858167873178,0.005052291214065579,99.99494770878593,0.0,0.0,0.0
136,0.2956600818471177,0.9956388517564607,0.005052291214065579,45.793967564290405,0.0,54.200980144495524,0.0
137,0.003334512201283282,0.01811592049898803,0.005052291214065579,0.16167331885009853,0.0,99.83327438993584,0.0
138,0.0006062749456878694,0.004177306809950647,0.005052291214065579,0.0,99.9696862527156,0.0,0.025261456070327898
139,0.295761127671399,1.4583222078227889,0.005052291214065579,10.03385035113424,40.34254534431365,48.163492143687165,1.4550598696508867
140,0.00010104582428131157,0.0007939858167873178,0.005052291214065579,0.0,99.99494770878593,0.0,0.0
141,0.00010104582428131157,0.0007939858167873178,0.005052291214065579,0.0,0.0,99.99494770878593,0.0
142,0.05219016824129743,0.3194315606817766,0.005052291214065579,0.0,94.21512655989491,0.0,5.779821148891022
143,0.0005052291214065579,0.0035657089573658133,0.005052291214065579,0.0,99.97473854392967,0.0,0.020209164856262316
144,0.00020209164856262315,0.0015879679508160464,0.005052291214065579,0.005052291214065579,99.98989541757187,0.0,0.0
145,0.002425099782751478,0.014097966403692194,0.005052291214065579,0.005052291214065579,0.11115040670944273,0.0,99.87874501086242
146,0.00020209164856262315,0.0015879679508160464,0.005052291214065579,99.98989541757187,0.005052291214065579,0.0,0.0
147,0.00010104582428131157,0.0007939858167873178,0.005052291214065579,0.0,99.99494770878593,0.0,0.0
148,0.00010104582428131157,0.0007939858167873178,0.005052291214065579,0.0,0.0,99.99494770878593,0.0
149,0.00010104582428131157,0.0007939858167873178,0.005052291214065579,0.0,99.99494770878593,0.0,0.0
150,0.0008083665942504926,0.005933189864772897,0.005052291214065579,99.9545293790734,0.04041832971252463,0.0,0.0
151,0.019602889910574444,0.0914974258702522,0.005052291214065579,0.0,98.84302531197898,0.0,1.1519223968069519
152,0.00020209164856262315,0.0015879679508160464,0.005052291214065579,0.005052291214065579,99.98989541757187,0.0,0.0
153,0.0005052291214065579,0.0035657089573658133,0.005052291214065579,0.0,0.020209164856262316,0.0,99.97473854392967
154,0.27444045874804224,1.0276568585694168,0.005052291214065579,58.793512858081144,0.636588692972263,40.549689284090334,0.015156873642196736
155,0.00020209164856262315,0.0014869221265347348,0.0,0.0,0.0,99.98989541757187,0.010104582428131158
156,0.0,0.0,0.0,100.0,0.0,0.0,0.0
157,0.006466932754003941,0.03471352888990583,0.0,0.0,99.63623503258728,0.0,0.3637649674127217
158,0.00020209164856262315,0.0014869221265347348,0.0,0.0,99.98989541757187,0.0,0.010104582428131158
159,0.00010104582428131157,0.0007939858167873178,0.0,0.0,99.99494770878593,0.005052291214065579,0.0
160,0.030364270196534128,0.5980988648693757,0.0,0.005052291214065579,14.505128075582277,0.0,85.48981963320365
161,0.00020209164856262315,0.0014869221265347348,0.0,0.010104582428131158,0.0,0.0,99.98989541757187
162,0.0,0.0,0.0,100.0,0.0,0.0,0.0
163,0.042489769110291516,0.16897459213118995,0.0,0.0,97.49406355782348,0.0,2.505936442176527
164,0.00020209164856262315,0.0015879679508160464,0.0,0.005052291214065579,99.98989541757187,0.0,0.005052291214065579
165,0.0,0.0,0.0,0.0,100.0,0.0,0.0
166,0.012529682210882635,0.06604403009949697,0.0,0.0,0.7831051381801646,0.0,99.21689486181984
167,0.0013135957156570504,0.008148055364426218,0.0,99.93432021421714,0.0,0.060627494568786945,0.005052291214065579
168,0.0,0.0,0.0,0.0,100.0,0.0,0.0
169,0.21830950335977367,0.8124625582925245,0.0,0.7224776436113778,21.623806396200678,0.0,77.65371596018794
170,0.2667104531905219,0.9798290062440514,0.0,58.4903753852372,0.0,41.50457232354873,0.005052291214065579
171,0.00010104582428131157,0.0007939858167873178,0.0,99.99494770878593,0.0,0.005052291214065579,0.0
172,0.08477744657202041,0.7314318116340595,0.0,0.010104582428131158,79.583691203961,0.0,20.406204213610874
173,0.00020209164856262315,0.0015879679508160464,0.0,0.005052291214065579,0.0,99.98989541757187,0.005052291214065579
174,0.0003031374728439347,0.002280900577619112,0.0,99.9848431263578,0.005052291214065579,0.010104582428131158,0.0
175,0.0667407669378063,0.34592173260232845,0.0,93.55832870206639,0.005052291214065579,6.4315667155054825,0.005052291214065579
176,0.007982620118223614,0.0398506369457353,0.0,0.3637649674127217,0.04041832971252463,0.0,99.59581670287476
177,0.26883241550042947,0.9840268131558597,0.0,58.57626433587632,0.04041832971252463,41.37826504319709,0.005052291214065579
178,0.2792906583135452,0.9811975339693454,0.0,59.394735512554945,0.05557520335472137,40.54463699287627,0.005052291214065579
179,0.004850199565502956,0.036041631092645354,0.010104582428131158,0.34355580255645934,0.010104582428131158,99.63623503258728,0.0
180,0.0005052291214065579,0.0038688464302097476,0.010104582428131158,0.005052291214065579,0.005052291214065579,99.97473854392967,0.005052291214065579
181,0.2751477795180114,0.9996188466396609,0.010104582428131158,0.16672561006416411,41.63087960390037,0.015156873642196736,58.17713332996514
182,0.0009094124185318042,0.005933189864772897,0.0,0.04041832971252463,0.0,99.9545293790734,0.005052291214065579
183,0.0009094124185318042,0.005933189864772897,0.0,99.9545293790734,0.005052291214065579,0.04041832971252463,0.0
184,0.007527913908957713,0.04844261628759031,0.0,99.48466629616532,0.005052291214065579,0.48501995655029556,0.025261456070327898
185,0.0028292830798767243,0.01646862274659168,0.0,0.010104582428131158,99.85853584600616,0.010104582428131158,0.12125498913757389
186,0.0,0.0,0.0,0.0,0.0,0.0,100.0
187,0.0020209164856262317,0.012086834818760639,0.0,99.89895417571869,0.005052291214065579,0.09094124185318042,0.005052291214065579
188,0.0028292830798767243,0.020039332629321897,0.0,99.83327438993584,0.020209164856262316,0.09599353306724599,0.050522912140655796
189,0.007982620118223614,0.047375903956405334,0.0,0.005052291214065579,99.47961400495124,0.0,0.515333703834689
190,0.013994846662961653,0.0836293476828454,0.0,99.14616278482292,0.4092355883393119,0.28798059920173796,0.15662102763603294
191,0.30354165614106,1.0036646846262365,0.0,48.26453796796847,0.025261456070327898,51.70009599353307,0.010104582428131158
192,0.0003031374728439347,0.0021417156383899166,0.0,0.0,99.9848431263578,0.0,0.015156873642196736
193,0.33360278886475014,1.5314418775810823,0.0,38.50351134239378,41.459101702622135,19.92623654827464,0.11115040670944273
194,0.023038447936139038,0.13620813452735694,0.0,0.8033143030364269,0.8235234678926893,98.37316222907089,0.0
195,0.0030313747284393473,0.017017287777720807,0.005052291214065579,0.0,99.84843126357804,0.005052291214065579,0.14146415399383622
196,0.042489769110291516,0.1678415020654209,0.005052291214065579,97.6506845854595,0.035366038498459054,2.2482695902591825,0.060627494568786945
197,0.00020209164856262315,0.0015879679508160464,0.005052291214065579,0.005052291214065579,0.0,99.98989541757187,0.0
198,0.00020209164856262315,0.0015879679508160464,0.005052291214065579,99.98989541757187,0.0,0.0,0.005052291214065579
199,0.04344970444096398,0.29066982830326316,0.005052291214065579,94.93760420350628,0.0,5.047238922851513,0.010104582428131158
200,0.27090385489819635,1.0106639075416717,0.005052291214065579,0.3536603849845905,41.28732380134391,0.005052291214065579,58.34891123124337
201,0.2936391653614914,1.0003383958557128,0.005052291214065579,0.030313747284393473,53.74122164401556,0.0,46.22341231748598
202,0.005658566159753449,0.03088043346584835,0.005052291214065579,0.015156873642196736,99.71201940079825,0.025261456070327898,0.24250997827514778
203,0.0018188248370636084,0.011750588385596578,0.005052291214065579,0.08083665942504926,0.010104582428131158,99.90400646693274,0.0
204,0.26706411357550647,0.9798039934067629,0.005052291214065579,58.49542767645127,0.0,41.499520032334665,0.0
205,0.321881473248118,1.258609381775511,0.005052291214065579,0.48501995655029556,49.02743394129237,4.4914868893043,45.99100692163896
206,0.00191987066134492,0.011750588385596578,0.005052291214065579,0.08083665942504926,0.010104582428131158,99.90400646693274,0.0
207,0.00020209164856262315,0.0015879679508160464,0.005052291214065579,99.98989541757187,0.0,0.005052291214065579,0.0
208,0.29409387157075734,0.9936869508334272,0.005052291214065579,0.0,54.93861466174911,0.0,45.05633304703684
209,0.001212549891375739,0.008148055364426218,0.005052291214065579,0.0,0.060627494568786945,0.0,99.93432021421714
210,0.0003031374728439347,0.0023819464019004233,0.005052291214065579,0.005052291214065579,0.005052291214065579,0.0,99.9848431263578
211,0.07260142474612237,0.6871321092708962,0.005052291214065579,82.23614409134542,0.04041832971252463,17.637548628302934,0.08083665942504926
212,0.00010104582428131157,0.0007939858167873178,0.005052291214065579,99.99494770878593,0.0,0.0,0.0
213,0.00010104582428131157,0.0007939858167873178,0.005052291214065579,99.99494770878593,0.0,0.0,0.0
214,0.006365886929722629,0.03673005865053072,0.005052291214065579,0.0,99.61602586773101,0.0,0.3789218410549184
215,0.001212549891375739,0.007849251885687697,0.005052291214065579,0.050522912140655796,0.005052291214065579,99.93937250543121,0.0
216,0.011822361440913455,0.05718361229276355,0.005052291214065579,0.0,0.636588692972263,0.005052291214065579,99.3533067245996
217,0.013237002980851816,0.07239700302029466,0.005052291214065579,99.17647653210732,0.010104582428131158,0.7679482645379679,0.04041832971252463
218,0.022027989693325922,0.09972795847391248,0.005052291214065579,0.010104582428131158,1.2580205123023291,0.0,98.72682261405548
219,0.00010104582428131157,0.0007939858167873178,0.005052291214065579,0.0,99.99494770878593,0.0,0.0
220,0.30253119789824684,1.2196919400075568,0.005052291214065579,40.54463699287627,4.799676653362299,54.6152680240489,0.035366038498459054
221,0.018895569140605264,0.09427808860978541,0.005052291214065579,0.010104582428131158,98.8127115646946,0.0,1.1721315616632142
222,0.0003031374728439347,0.002280900577619112,0.005052291214065579,0.010104582428131158,99.9848431263578,0.0,0.0
223,0.2871722326074875,0.9873976592694984,0.005052291214065579,56.787753246097104,0.0,43.20719446268883,0.0
224,0.00010104582428131157,0.0007939858167873178,0.005052291214065579,99.99494770878593,0.0,0.0,0.0
225,0.0008083665942504926,0.005358933184116836,0.005052291214065579,99.95958167028748,0.0,0.035366038498459054,0.0
226,0.11903198100338504,0.45515124511425076,0.005052291214065579,9.543778103369878,0.0,90.45116960541606,0.0
227,0.00010104582428131157,0.0007939858167873178,0.005052291214065579,0.0,0.0,0.0,99.99494770878593
228,0.0003031374728439347,0.002280900577619112,0.005052291214065579,99.9848431263578,0.0,0.010104582428131158,0.0
229,0.0065679785782852525,0.03341150682387408,0.005052291214065579,0.0,0.32839892891426264,0.005052291214065579,99.6614964886576
230,0.2674177739604911,0.9797539222238734,0.005052291214065579,58.5055322588794,0.0,0.0,41.48941544990653
231,0.00010104582428131157,0.0007939858167873178,0.005052291214065579,0.0,0.0,99.99494770878593,0.0
232,0.004648107916940332,0.024383172193156638,0.005052291214065579,99.76759460415299,0.005052291214065579,0.22230081341888547,0.0
233,0.00010104582428131157,0.0007939858167873178,0.005052291214065579,0.0,99.99494770878593,0.0,0.0
234,0.00010104582428131157,0.0007939858167873178,0.005052291214065579,0.0,99.99494770878593,0.0,0.0
235,0.01535896529075936,0.07518409296778539,0.010104582428131158,0.0,99.09563987268226,0.0,0.8942555448896075
236,0.00020209164856262315,0.0014869221265347348,0.010104582428131158,0.0,0.0,99.98989541757187,0.0
237,0.00020209164856262315,0.0014869221265347348,0.010104582428131158,99.98989541757187,0.0,0.0,0.0
238,0.29121406557873997,0.9932950756987086,0.010104582428131158,55.51962815136664,0.0,44.465214974991156,0.005052291214065579
239,0.0008083665942504926,0.005846554285233556,0.010104582428131158,99.95958167028748,0.005052291214065579,0.005052291214065579,0.020209164856262316
240,0.0003031374728439347,0.002280900577619112,0.010104582428131158,0.0,99.9848431263578,0.0,0.005052291214065579
241,0.0018188248370636084,0.012576927457050456,0.010104582428131158,99.89895417571869,0.07578436821098368,0.0,0.015156873642196736
242,0.0009094124185318042,0.0062610949320023755,0.010104582428131158,99.9545293790734,0.0,0.030313747284393473,0.005052291214065579
243,0.00020209164856262315,0.0014869221265347348,0.010104582428131158,0.0,99.98989541757187,0.0,0.0
244,0.3012176021825898,1.2814249932373292,0.010104582428131158,6.749861061991613,41.24185318041732,0.0,51.99818117516294
245,0.00020209164856262315,0.0014869221265347348,0.010104582428131158,0.0,0.0,99.98989541757187,0.0
246,0.00020209164856262315,0.0014869221265347348,0.010104582428131158,99.98989541757187,0.0,0.0,0.0
247,0.2807558227656242,0.9876884496816781,0.010104582428131158,43.116253220835645,0.0,56.87364219673622,0.0
248,0.00020209164856262315,0.0014869221265347348,0.010104582428131158,0.0,0.0,99.98989541757187,0.0
249,0.00020209164856262315,0.0014869221265347348,0.010104582428131158,0.0,0.0,99.98989541757187,0.0
250,0.29793361289344716,1.0035928424525082,0.010104582428131158,46.0011115040671,0.060627494568786945,53.92815641893599,0.0
251,0.0366796342141161,0.26964547348060386,0.010104582428131158,95.41251957762846,0.0,0.0,4.577375839943414
252,0.0003031374728439347,0.002280900577619112,0.010104582428131158,0.0,0.005052291214065579,99.9848431263578,0.0
253,0.008487849239630172,0.04103974156544564,0.010104582428131158,99.56550295559036,0.0,0.4243924619815086,0.0
254,0.0003031374728439347,0.002280900577619112,0.010104582428131158,0.005052291214065579,0.0,99.9848431263578,0.0
255,0.0005052291214065579,0.003628615666699241,0.010104582428131158,99.97473854392967,0.0,0.015156873642196736,0.0
256,0.040367806800383974,0.28594564591099764,0.010104582428131158,0.0,4.93608851614207,0.005052291214065579,95.04875461021574
257,0.2932349820643662,0.9970085377317972,0.010104582428131158,53.88773808922346,0.0,0.0,46.10215732834841
258,0.0014146415399383622,0.009091834254995233,0.010104582428131158,0.05557520335472137,0.0,99.92926792300308,0.005052291214065579
259,0.12863133431010965,0.6594291450918195,0.010104582428131158,87.8593442126004,4.6531602081543975,7.366240590107615,0.11115040670944273
260,0.0030313747284393473,0.017611166703153096,0.010104582428131158,99.84843126357804,0.0,0.1263072803516395,0.015156873642196736
261,0.26196129944930024,0.9756257333468089,0.010104582428131158,0.005052291214065579,40.43853887738089,0.0,59.54630424897691
262,0.2698933966553832,1.033627031591403,0.010104582428131158,58.95013388571717,0.14651644520790177,0.5405951599050168,40.352649926741776
263,0.0027282372555954126,0.016771617493623277,0.010104582428131158,99.85853584600616,0.010104582428131158,0.1162026979235083,0.005052291214065579
264,0.0003031374728439347,0.002280900577619112,0.010104582428131158,0.0,99.9848431263578,0.005052291214065579,0.0
265,0.002425099782751478,0.015770076866152515,0.010104582428131158,0.10104582428131159,0.020209164856262316,99.86864042843429,0.0
266,0.00020209164856262315,0.0014869221265347348,0.010104582428131158,0.0,0.0,99.98989541757187,0.0
267,0.00020209164856262315,0.0014869221265347348,0.010104582428131158,0.0,0.0,0.0,99.98989541757187
268,0.0680038397413227,0.4134371672706343,0.010104582428131158,5.032082049209317,1.7076744303541656,0.005052291214065579,93.24508664679432
269,0.00020209164856262315,0.0014869221265347348,0.010104582428131158,0.0,99.98989541757187,0.0,0.0
270,0.00020209164856262315,0.0014869221265347348,0.010104582428131158,0.0,0.0,99.98989541757187,0.0
271,0.00020209164856262315,0.0014869221265347348,0.010104582428131158,0.0,0.0,99.98989541757187,0.0
272,0.00020209164856262315,0.0014869221265347348,0.010104582428131158,99.98989541757187,0.0,0.0,0.0
273,0.00020209164856262315,0.0014869221265347348,0.010104582428131158,0.0,0.0,0.0,99.98989541757187
274,0.008588895063911485,0.05706746800173985,0.015156873642196736,99.44930025766685,0.32839892891426264,0.15662102763603294,0.050522912140655796
275,0.005658566159753449,0.030784710157569756,0.015156873642196736,0.2576668519173445,0.020209164856262316,99.7069671095842,0.0
276,0.0013135957156570504,0.008639912965270436,0.015156873642196736,0.0,99.93432021421714,0.005052291214065579,0.04547062092659021
277,0.3022280604254029,1.2207550752156693,0.010104582428131158,53.857424341939065,4.698630829080988,41.39342191683929,0.04041832971252463
278,0.0022735310463295106,0.014790817958598884,0.010104582428131158,0.11115040670944273,0.005052291214065579,99.87369271964836,0.0
279,0.00020209164856262315,0.0014869221265347348,0.010104582428131158,0.0,99.98989541757187,0.0,0.0
280,0.2735815692416511,0.9868023216399637,0.010104582428131158,58.21755165967767,0.025261456070327898,41.73192542818168,0.015156873642196736
281,0.0003031374728439347,0.002280900577619112,0.010104582428131158,99.9848431263578,0.0,0.0,0.005052291214065579
282,0.0003031374728439347,0.002280900577619112,0.010104582428131158,99.9848431263578,0.0,0.0,0.005052291214065579
283,0.01717779012782297,0.08990996957945943,0.010104582428131158,0.0,1.116556358308493,0.0,98.87333905926337
284,0.0003031374728439347,0.002280900577619112,0.010104582428131158,99.9848431263578,0.0,0.005052291214065579,0.0
285,0.00020209164856262315,0.0014869221265347348,0.010104582428131158,0.0,0.0,99.98989541757187,0.0
286,0.013843277926539686,0.06504766721026041,0.010104582428131158,0.0,99.24215631789016,0.0,0.7477390996817056
287,0.003334512201283282,0.026261473667173345,0.010104582428131158,99.76254231293892,0.0,0.04041832971252463,0.1869347749204264
288,0.00020209164856262315,0.0014869221265347348,0.010104582428131158,0.0,99.98989541757187,0.0,0.0
289,0.30051028141262065,1.2502600611834045,0.010104582428131158,40.3779113828121,5.840448643459809,0.0,53.77153539129995
290,0.0004041832971252463,0.003628615666699241,0.010104582428131158,0.015156873642196736,99.97473854392967,0.0,0.0
291,0.00020209164856262315,0.0014869221265347348,0.010104582428131158,0.0,0.0,99.98989541757187,0.0
292,0.26832718637902286,0.9738439783341422,0.010104582428131158,0.0,40.25665639367453,0.0,59.73323902389733
293,0.0009094124185318042,0.006051843709344047,0.010104582428131158,99.9545293790734,0.0,0.0,0.035366038498459054
294,0.0007073207699691811,0.00521654678527853,0.010104582428131158,99.96463396150153,0.005052291214065579,0.015156873642196736,0.005052291214065579
295,0.004142878795533774,0.022035028251206217,0.010104582428131158,0.0,0.1970393573485576,0.0,99.79285606022331
296,0.0008083665942504926,0.006425047465617115,0.015156873642196736,99.9545293790734,0.015156873642196736,0.015156873642196736,0.0
297,0.0022230081341888547,0.01490079156117653,0.015156873642196736,0.050522912140655796,0.04547062092659021,0.005052291214065579,99.88379730207649
298,0.30323851866821605,1.2560275793104356,0.005052291214065579,40.47390491587935,53.589652907593596,0.035366038498459054,5.896023846814531
299,0.0010104582428131159,0.00626135760865384,0.0,99.94947708785934,0.0,0.050522912140655796,0.0
300,0.0003031374728439347,0.002280900577619112,0.0,0.010104582428131158,0.005052291214065579,0.0,99.9848431263578
301,0.3003587126761987,1.0340200009784517,0.0,46.16783711413126,53.407770423887236,0.3637649674127217,0.060627494568786945
302,0.0057596119840347595,0.03386254002156756,0.0,0.34355580255645934,0.0,99.65139190622946,0.005052291214065579
303,0.0020209164856262317,0.01201276251351676,0.0,0.10609811549537715,0.0,99.89390188450461,0.0
304,0.26756934269691307,0.9806758986820241,0.0,59.268428232203306,0.050522912140655796,40.68104885565604,0.0
305,0.21750113676552316,0.7835485791679636,0.0,23.043500227353107,0.020209164856262316,76.92113373414844,0.015156873642196736
306,0.2690345071489921,0.9783169319089176,0.0,0.0,41.353003587126764,0.0,58.64699641287324
307,0.2768655585307937,1.0719676676546817,0.005052291214065579,40.34759763552771,58.379224978527766,0.28292830798767243,0.9851967867427879
308,0.0028292830798767243,0.015743979562581882,0.005052291214065579,0.13641186277977063,0.0,99.85853584600616,0.0
309,0.2946496236043046,0.9976588832833879,0.005052291214065579,54.18077097963927,0.015156873642196736,45.79901985550447,0.0
310,0.29101197393017736,1.028775196575246,0.005052291214065579,49.12342747435962,0.3132420552720659,50.55322588794018,0.005052291214065579
311,0.00010104582428131157,0.0007939858167873178,0.005052291214065579,99.99494770878593,0.0,0.0,0.0
312,0.0004041832971252463,0.002935690406343681,0.005052291214065579,99.97979083514373,0.0,0.015156873642196736,0.0
313,0.26564947203556816,0.9760707072350884,0.005052291214065579,59.21790532006265,0.0,40.77704238872328,0.0
314,0.00010104582428131157,0.0007939858167873178,0.005052291214065579,0.0,0.0,0.0,99.99494770878593
315,0.00020209164856262315,0.0015879679508160464,0.005052291214065579,0.0,0.005052291214065579,0.0,99.98989541757187
316,0.3196079422017885,1.3043201063139713,0.005052291214065579,4.8047289445763655,40.31223159702925,53.55933916030921,1.318648006871116
317,0.0004041832971252463,0.002935690406343681,0.005052291214065579,99.97979083514373,0.0,0.015156873642196736,0.0
318,0.0018188248370636084,0.010780502146116575,0.005052291214065579,99.90905875814681,0.0,0.08588895063911484,0.0
319,0.28333249128479765,0.9924245073479363,0.005052291214065579,43.262769666043546,0.04041832971252463,56.69175971302985,0.0
320,0.01091294902238165,0.055193295020281245,0.005052291214065579,0.0,99.38867276309806,0.015156873642196736,0.5911180720456728
321,0.003587126761986561,0.022241255291712236,0.005052291214065579,0.04547062092659021,99.80801293386551,0.005052291214065579,0.13641186277977063
322,0.022937402111857727,0.15327633496692122,0.005052291214065579,0.020209164856262316,97.84267165159399,0.010104582428131158,2.121962309907543
323,0.05446369928762694,0.22054157398818927,0.005052291214065579,0.030313747284393473,3.435558025564594,0.0,96.52907593593694
324,0.00010104582428131157,0.0007939858167873178,0.005052291214065579,0.0,99.99494770878593,0.0,0.0
325,0.30359217905320063,1.3391143189396812,0.005052291214065579,52.08912241701612,40.5547415753044,6.305259435153843,1.0458242813115748
326,0.00010104582428131157,0.0007939858167873178,0.005052291214065579,0.0,0.0,0.0,99.99494770878593
327,0.00010104582428131157,0.0007939858167873178,0.005052291214065579,0.0,0.0,0.0,99.99494770878593
328,0.2889405345324105,1.5292667875823436,0.005052291214065579,20.380942757540545,40.49916637194968,39.08957712322538,0.025261456070327898
329,0.00010104582428131157,0.0007939858167873178,0.005052291214065579,0.0,0.0,99.99494770878593,0.0
330,0.00010104582428131157,0.0007939858167873178,0.005052291214065579,99.99494770878593,0.0,0.0,0.0
331,0.008790986712474106,0.10360714410114824,0.005052291214065579,0.0,98.65103824584449,0.0,1.3439094629414439
332,0.05400899307836104,0.3143240625870412,0.005052291214065579,0.0,94.34143384024655,0.0,5.653513868539382
333,0.00010104582428131157,0.0007939858167873178,0.005052291214065579,0.0,99.99494770878593,0.0,0.0
334,0.024756226948921337,0.10220137581863399,0.005052291214065579,1.308543424442985,0.005052291214065579,98.68135199312889,0.0
335,0.00020209164856262315,0.0015879679508160464,0.005052291214065579,0.0,99.98989541757187,0.0,0.005052291214065579
336,0.00010104582428131157,0.0007939858167873178,0.005052291214065579,99.99494770878593,0.0,0.0,0.0
337,0.009902490779568535,0.05155360841197335,0.005052291214065579,0.0,99.42403880159652,0.0,0.5709089071894105
338,0.00020209164856262315,0.0014869221265347348,0.010104582428131158,0.0,0.0,99.98989541757187,0.0
339,0.00020209164856262315,0.0014869221265347348,0.010104582428131158,99.98989541757187,0.0,0.0,0.0
340,0.030313747284393473,0.13378901494087722,0.010104582428131158,0.0,98.150861415652,0.0,1.8390340019198708
341,0.00010104582428131157,0.0007939858167873178,0.005052291214065579,0.0,99.99494770878593,0.0,0.0
342,0.0003031374728439347,0.002280900577619112,0.005052291214065579,99.9848431263578,0.0,0.0,0.010104582428131158
343,0.031879957560753805,0.1551286859363262,0.005052291214065579,0.0,2.233112716616986,0.0,97.76183499216896
344,0.00020209164856262315,0.0015879679508160464,0.005052291214065579,99.98989541757187,0.0,0.0,0.005052291214065579
345,0.0007073207699691811,0.0047742243732054,0.005052291214065579,99.96463396150153,0.0,0.030313747284393473,0.0
346,0.1231748597989188,0.6959295368989034,0.005052291214065579,81.32673167281362,0.005052291214065579,18.66316374475825,0.0
347,0.0016167331885009852,0.009742518678768117,0.005052291214065579,0.07578436821098368,0.0,99.91916334057494,0.0
348,0.00020209164856262315,0.0015879679508160464,0.005052291214065579,99.98989541757187,0.0,0.005052291214065579,0.0
349,0.10347092406406305,0.3617496197742584,0.005052291214065579,6.825645430202597,0.005052291214065579,93.1591976961552,0.005052291214065579
350,0.002627191431314101,0.014776905399137868,0.005052291214065579,99.86864042843429,0.0,0.1263072803516395,0.0
351,0.0022230081341888547,0.013600575706362401,0.005052291214065579,99.88379730207649,0.0,0.10609811549537715,0.005052291214065579
352,0.0554236346182994,0.32999699709917296,0.005052291214065579,0.010104582428131158,6.007174253523973,0.0,93.97766887283383
353,0.2675188197847724,0.9795026560033656,0.005052291214065579,58.55605517102006,0.0,0.0,41.438892537765874
354,0.0010104582428131159,0.0064983078403465,0.005052291214065579,0.04547062092659021,0.0,99.94947708785934,0.0
355,0.2701460112160865,1.0118329882235197,0.005052291214065579,59.07644116606882,0.4092355883393119,40.49411408073561,0.015156873642196736
356,0.00010104582428131157,0.0007939858167873178,0.005052291214065579,0.0,99.99494770878593,0.0,0.0
357,0.00010104582428131157,0.0007939858167873178,0.005052291214065579,0.0,99.99494770878593,0.0,0.0
358,0.00383974132268984,0.021795224418544833,0.005052291214065579,0.0,0.20209164856262318,0.0,99.79285606022331
359,0.00383974132268984,0.022136074075487528,0.005052291214065579,99.79285606022331,0.0,0.1970393573485576,0.005052291214065579
360,0.00010104582428131157,0.0007939858167873178,0.005052291214065579,0.0,99.99494770878593,0.0,0.0
361,0.27302581720810387,0.9993091795501636,0.005052291214065579,0.1869347749204264,41.772343757894205,0.0,58.03566917597131
362,0.00010104582428131157,0.0007939858167873178,0.005052291214065579,0.0,0.0,99.99494770878593,0.0
363,0.00010104582428131157,0.0007939858167873178,0.005052291214065579,99.99494770878593,0.0,0.0,0.0
